Number of robot passes: 
396

No Area Row Col.  X      Y     Put FGr Take Angle

1    1   1   1   16.84  26.74   1   1   1   0    
2    1   1   2   25.56  26.74   1   1   1   0    
3    1   1   3   34.28  26.74   1   1   1   0    
4    1   1   4   43     26.74   1   1   1   0    
5    1   1   5   51.72  26.74   1   1   1   0    
6    1   1   6   60.44  26.74   1   1   1   0    
7    1   1   7   69.17  26.74   1   1   1   0    
8    1   1   8   77.89  26.74   1   1   1   0    
9    1   1   9   86.61  26.74   1   1   1   0    
10   1   1   10  95.33  26.74   1   1   1   0    
11   1   1   11  104.05 26.74   1   1   1   0    
12   1   1   12  112.77 26.74   1   1   1   0    
13   1   1   13  121.49 26.74   1   1   1   0    
14   1   1   14  130.21 26.74   1   1   1   0    
15   1   1   15  138.93 26.74   1   1   1   0    
16   1   1   16  147.66 26.74   1   1   1   0    
17   1   1   17  156.38 26.74   1   1   1   0    
18   1   1   18  165.1  26.74   1   1   1   0    
19   1   1   19  173.82 26.74   1   1   1   0    
20   1   1   20  182.54 26.74   1   1   1   0    
21   1   1   21  191.26 26.74   1   1   1   0    
22   1   1   22  199.98 26.74   1   1   1   0    
23   1   1   23  208.7  26.74   1   1   1   0    
24   1   1   24  217.42 26.74   1   1   1   0    
25   1   1   25  226.14 26.74   1   1   1   0    
26   1   1   26  234.86 26.74   1   1   1   0    
27   1   1   27  243.59 26.74   1   1   1   0    
28   1   1   28  252.31 26.74   1   1   1   0    
29   1   1   29  261.03 26.74   1   1   1   0    
30   1   1   30  269.75 26.74   1   1   1   0    
31   1   1   31  278.47 26.74   1   1   1   0    
32   1   1   32  287.19 26.74   1   1   1   0    
33   1   1   33  295.91 26.74   1   1   1   0    
34   1   1   34  304.63 26.74   1   1   1   0    
35   1   1   35  313.35 26.74   1   1   1   0    
36   1   1   36  322.08 26.74   1   1   1   0    
37   1   2   1   16.84  51.76   1   1   1   0    
38   1   2   2   25.56  51.76   1   1   1   0    
39   1   2   3   34.28  51.76   1   1   1   0    
40   1   2   4   43     51.76   1   1   1   0    
41   1   2   5   51.72  51.76   1   1   1   0    
42   1   2   6   60.44  51.76   1   1   1   0    
43   1   2   7   69.17  51.76   1   1   1   0    
44   1   2   8   77.89  51.76   1   1   1   0    
45   1   2   9   86.61  51.76   1   1   1   0    
46   1   2   10  95.33  51.76   1   1   1   0    
47   1   2   11  104.05 51.76   1   1   1   0    
48   1   2   12  112.77 51.76   1   1   1   0    
49   1   2   13  121.49 51.76   1   1   1   0    
50   1   2   14  130.21 51.76   1   1   1   0    
51   1   2   15  138.93 51.76   1   1   1   0    
52   1   2   16  147.66 51.76   1   1   1   0    
53   1   2   17  156.38 51.76   1   1   1   0    
54   1   2   18  165.1  51.76   1   1   1   0    
55   1   2   19  173.82 51.76   1   1   1   0    
56   1   2   20  182.54 51.76   1   1   1   0    
57   1   2   21  191.26 51.76   1   1   1   0    
58   1   2   22  199.98 51.76   1   1   1   0    
59   1   2   23  208.7  51.76   1   1   1   0    
60   1   2   24  217.42 51.76   1   1   1   0    
61   1   2   25  226.14 51.76   1   1   1   0    
62   1   2   26  234.86 51.76   1   1   1   0    
63   1   2   27  243.59 51.76   1   1   1   0    
64   1   2   28  252.31 51.76   1   1   1   0    
65   1   2   29  261.03 51.76   1   1   1   0    
66   1   2   30  269.75 51.76   1   1   1   0    
67   1   2   31  278.47 51.76   1   1   1   0    
68   1   2   32  287.19 51.76   1   1   1   0    
69   1   2   33  295.91 51.76   1   1   1   0    
70   1   2   34  304.63 51.76   1   1   1   0    
71   1   2   35  313.35 51.76   1   1   1   0    
72   1   2   36  322.08 51.76   1   1   1   0    
73   1   3   1   16.84  76.77   1   1   1   0    
74   1   3   2   25.56  76.77   1   1   1   0    
75   1   3   3   34.28  76.77   1   1   1   0    
76   1   3   4   43     76.77   1   1   1   0    
77   1   3   5   51.72  76.77   1   1   1   0    
78   1   3   6   60.44  76.77   1   1   1   0    
79   1   3   7   69.17  76.77   1   1   1   0    
80   1   3   8   77.89  76.77   1   1   1   0    
81   1   3   9   86.61  76.77   1   1   1   0    
82   1   3   10  95.33  76.77   1   1   1   0    
83   1   3   11  104.05 76.77   1   1   1   0    
84   1   3   12  112.77 76.77   1   1   1   0    
85   1   3   13  121.49 76.77   1   1   1   0    
86   1   3   14  130.21 76.77   1   1   1   0    
87   1   3   15  138.93 76.77   1   1   1   0    
88   1   3   16  147.66 76.77   1   1   1   0    
89   1   3   17  156.38 76.77   1   1   1   0    
90   1   3   18  165.1  76.77   1   1   1   0    
91   1   3   19  173.82 76.77   1   1   1   0    
92   1   3   20  182.54 76.77   1   1   1   0    
93   1   3   21  191.26 76.77   1   1   1   0    
94   1   3   22  199.98 76.77   1   1   1   0    
95   1   3   23  208.7  76.77   1   1   1   0    
96   1   3   24  217.42 76.77   1   1   1   0    
97   1   3   25  226.14 76.77   1   1   1   0    
98   1   3   26  234.86 76.77   1   1   1   0    
99   1   3   27  243.59 76.77   1   1   1   0    
100  1   3   28  252.31 76.77   1   1   1   0    
101  1   3   29  261.03 76.77   1   1   1   0    
102  1   3   30  269.75 76.77   1   1   1   0    
103  1   3   31  278.47 76.77   1   1   1   0    
104  1   3   32  287.19 76.77   1   1   1   0    
105  1   3   33  295.91 76.77   1   1   1   0    
106  1   3   34  304.63 76.77   1   1   1   0    
107  1   3   35  313.35 76.77   1   1   1   0    
108  1   3   36  322.08 76.77   1   1   1   0    
109  1   4   1   16.84  101.79  1   1   1   0    
110  1   4   2   25.56  101.79  1   1   1   0    
111  1   4   3   34.28  101.79  1   1   1   0    
112  1   4   4   43     101.79  1   1   1   0    
113  1   4   5   51.72  101.79  1   1   1   0    
114  1   4   6   60.44  101.79  1   1   1   0    
115  1   4   7   69.17  101.79  1   1   1   0    
116  1   4   8   77.89  101.79  1   1   1   0    
117  1   4   9   86.61  101.79  1   1   1   0    
118  1   4   10  95.33  101.79  1   1   1   0    
119  1   4   11  104.05 101.79  1   1   1   0    
120  1   4   12  112.77 101.79  1   1   1   0    
121  1   4   13  121.49 101.79  1   1   1   0    
122  1   4   14  130.21 101.79  1   1   1   0    
123  1   4   15  138.93 101.79  1   1   1   0    
124  1   4   16  147.66 101.79  1   1   1   0    
125  1   4   17  156.38 101.79  1   1   1   0    
126  1   4   18  165.1  101.79  1   1   1   0    
127  1   4   19  173.82 101.79  1   1   1   0    
128  1   4   20  182.54 101.79  1   1   1   0    
129  1   4   21  191.26 101.79  1   1   1   0    
130  1   4   22  199.98 101.79  1   1   1   0    
131  1   4   23  208.7  101.79  1   1   1   0    
132  1   4   24  217.42 101.79  1   1   1   0    
133  1   4   25  226.14 101.79  1   1   1   0    
134  1   4   26  234.86 101.79  1   1   1   0    
135  1   4   27  243.59 101.79  1   1   1   0    
136  1   4   28  252.31 101.79  1   1   1   0    
137  1   4   29  261.03 101.79  1   1   1   0    
138  1   4   30  269.75 101.79  1   1   1   0    
139  1   4   31  278.47 101.79  1   1   1   0    
140  1   4   32  287.19 101.79  1   1   1   0    
141  1   4   33  295.91 101.79  1   1   1   0    
142  1   4   34  304.63 101.79  1   1   1   0    
143  1   4   35  313.35 101.79  1   1   1   0    
144  1   4   36  322.08 101.79  1   1   1   0    
145  1   5   1   16.84  126.81  1   1   1   0    
146  1   5   2   25.56  126.81  1   1   1   0    
147  1   5   3   34.28  126.81  1   1   1   0    
148  1   5   4   43     126.81  1   1   1   0    
149  1   5   5   51.72  126.81  1   1   1   0    
150  1   5   6   60.44  126.81  1   1   1   0    
151  1   5   7   69.17  126.81  1   1   1   0    
152  1   5   8   77.89  126.81  1   1   1   0    
153  1   5   9   86.61  126.81  1   1   1   0    
154  1   5   10  95.33  126.81  1   1   1   0    
155  1   5   11  104.05 126.81  1   1   1   0    
156  1   5   12  112.77 126.81  1   1   1   0    
157  1   5   13  121.49 126.81  1   1   1   0    
158  1   5   14  130.21 126.81  1   1   1   0    
159  1   5   15  138.93 126.81  1   1   1   0    
160  1   5   16  147.66 126.81  1   1   1   0    
161  1   5   17  156.38 126.81  1   1   1   0    
162  1   5   18  165.1  126.81  1   1   1   0    
163  1   5   19  173.82 126.81  1   1   1   0    
164  1   5   20  182.54 126.81  1   1   1   0    
165  1   5   21  191.26 126.81  1   1   1   0    
166  1   5   22  199.98 126.81  1   1   1   0    
167  1   5   23  208.7  126.81  1   1   1   0    
168  1   5   24  217.42 126.81  1   1   1   0    
169  1   5   25  226.14 126.81  1   1   1   0    
170  1   5   26  234.86 126.81  1   1   1   0    
171  1   5   27  243.59 126.81  1   1   1   0    
172  1   5   28  252.31 126.81  1   1   1   0    
173  1   5   29  261.03 126.81  1   1   1   0    
174  1   5   30  269.75 126.81  1   1   1   0    
175  1   5   31  278.47 126.81  1   1   1   0    
176  1   5   32  287.19 126.81  1   1   1   0    
177  1   5   33  295.91 126.81  1   1   1   0    
178  1   5   34  304.63 126.81  1   1   1   0    
179  1   5   35  313.35 126.81  1   1   1   0    
180  1   5   36  322.08 126.81  1   1   1   0    
181  1   6   1   16.84  151.82  1   1   1   0    
182  1   6   2   25.56  151.82  1   1   1   0    
183  1   6   3   34.28  151.82  1   1   1   0    
184  1   6   4   43     151.82  1   1   1   0    
185  1   6   5   51.72  151.82  1   1   1   0    
186  1   6   6   60.44  151.82  1   1   1   0    
187  1   6   7   69.17  151.82  1   1   1   0    
188  1   6   8   77.89  151.82  1   1   1   0    
189  1   6   9   86.61  151.82  1   1   1   0    
190  1   6   10  95.33  151.82  1   1   1   0    
191  1   6   11  104.05 151.82  1   1   1   0    
192  1   6   12  112.77 151.82  1   1   1   0    
193  1   6   13  121.49 151.82  1   1   1   0    
194  1   6   14  130.21 151.82  1   1   1   0    
195  1   6   15  138.93 151.82  1   1   1   0    
196  1   6   16  147.66 151.82  1   1   1   0    
197  1   6   17  156.38 151.82  1   1   1   0    
198  1   6   18  165.1  151.82  1   1   1   0    
199  1   6   19  173.82 151.82  1   1   1   0    
200  1   6   20  182.54 151.82  1   1   1   0    
201  1   6   21  191.26 151.82  1   1   1   0    
202  1   6   22  199.98 151.82  1   1   1   0    
203  1   6   23  208.7  151.82  1   1   1   0    
204  1   6   24  217.42 151.82  1   1   1   0    
205  1   6   25  226.14 151.82  1   1   1   0    
206  1   6   26  234.86 151.82  1   1   1   0    
207  1   6   27  243.59 151.82  1   1   1   0    
208  1   6   28  252.31 151.82  1   1   1   0    
209  1   6   29  261.03 151.82  1   1   1   0    
210  1   6   30  269.75 151.82  1   1   1   0    
211  1   6   31  278.47 151.82  1   1   1   0    
212  1   6   32  287.19 151.82  1   1   1   0    
213  1   6   33  295.91 151.82  1   1   1   0    
214  1   6   34  304.63 151.82  1   1   1   0    
215  1   6   35  313.35 151.82  1   1   1   0    
216  1   6   36  322.08 151.82  1   1   1   0    
217  1   7   1   16.84  176.84  1   1   1   0    
218  1   7   2   25.56  176.84  1   1   1   0    
219  1   7   3   34.28  176.84  1   1   1   0    
220  1   7   4   43     176.84  1   1   1   0    
221  1   7   5   51.72  176.84  1   1   1   0    
222  1   7   6   60.44  176.84  1   1   1   0    
223  1   7   7   69.17  176.84  1   1   1   0    
224  1   7   8   77.89  176.84  1   1   1   0    
225  1   7   9   86.61  176.84  1   1   1   0    
226  1   7   10  95.33  176.84  1   1   1   0    
227  1   7   11  104.05 176.84  1   1   1   0    
228  1   7   12  112.77 176.84  1   1   1   0    
229  1   7   13  121.49 176.84  1   1   1   0    
230  1   7   14  130.21 176.84  1   1   1   0    
231  1   7   15  138.93 176.84  1   1   1   0    
232  1   7   16  147.66 176.84  1   1   1   0    
233  1   7   17  156.38 176.84  1   1   1   0    
234  1   7   18  165.1  176.84  1   1   1   0    
235  1   7   19  173.82 176.84  1   1   1   0    
236  1   7   20  182.54 176.84  1   1   1   0    
237  1   7   21  191.26 176.84  1   1   1   0    
238  1   7   22  199.98 176.84  1   1   1   0    
239  1   7   23  208.7  176.84  1   1   1   0    
240  1   7   24  217.42 176.84  1   1   1   0    
241  1   7   25  226.14 176.84  1   1   1   0    
242  1   7   26  234.86 176.84  1   1   1   0    
243  1   7   27  243.59 176.84  1   1   1   0    
244  1   7   28  252.31 176.84  1   1   1   0    
245  1   7   29  261.03 176.84  1   1   1   0    
246  1   7   30  269.75 176.84  1   1   1   0    
247  1   7   31  278.47 176.84  1   1   1   0    
248  1   7   32  287.19 176.84  1   1   1   0    
249  1   7   33  295.91 176.84  1   1   1   0    
250  1   7   34  304.63 176.84  1   1   1   0    
251  1   7   35  313.35 176.84  1   1   1   0    
252  1   7   36  322.08 176.84  1   1   1   0    
253  1   8   1   16.84  201.86  1   1   1   0    
254  1   8   2   25.56  201.86  1   1   1   0    
255  1   8   3   34.28  201.86  1   1   1   0    
256  1   8   4   43     201.86  1   1   1   0    
257  1   8   5   51.72  201.86  1   1   1   0    
258  1   8   6   60.44  201.86  1   1   1   0    
259  1   8   7   69.17  201.86  1   1   1   0    
260  1   8   8   77.89  201.86  1   1   1   0    
261  1   8   9   86.61  201.86  1   1   1   0    
262  1   8   10  95.33  201.86  1   1   1   0    
263  1   8   11  104.05 201.86  1   1   1   0    
264  1   8   12  112.77 201.86  1   1   1   0    
265  1   8   13  121.49 201.86  1   1   1   0    
266  1   8   14  130.21 201.86  1   1   1   0    
267  1   8   15  138.93 201.86  1   1   1   0    
268  1   8   16  147.66 201.86  1   1   1   0    
269  1   8   17  156.38 201.86  1   1   1   0    
270  1   8   18  165.1  201.86  1   1   1   0    
271  1   8   19  173.82 201.86  1   1   1   0    
272  1   8   20  182.54 201.86  1   1   1   0    
273  1   8   21  191.26 201.86  1   1   1   0    
274  1   8   22  199.98 201.86  1   1   1   0    
275  1   8   23  208.7  201.86  1   1   1   0    
276  1   8   24  217.42 201.86  1   1   1   0    
277  1   8   25  226.14 201.86  1   1   1   0    
278  1   8   26  234.86 201.86  1   1   1   0    
279  1   8   27  243.59 201.86  1   1   1   0    
280  1   8   28  252.31 201.86  1   1   1   0    
281  1   8   29  261.03 201.86  1   1   1   0    
282  1   8   30  269.75 201.86  1   1   1   0    
283  1   8   31  278.47 201.86  1   1   1   0    
284  1   8   32  287.19 201.86  1   1   1   0    
285  1   8   33  295.91 201.86  1   1   1   0    
286  1   8   34  304.63 201.86  1   1   1   0    
287  1   8   35  313.35 201.86  1   1   1   0    
288  1   8   36  322.08 201.86  1   1   1   0    
289  1   9   1   16.84  226.88  1   1   1   0    
290  1   9   2   25.56  226.88  1   1   1   0    
291  1   9   3   34.28  226.88  1   1   1   0    
292  1   9   4   43     226.88  1   1   1   0    
293  1   9   5   51.72  226.88  1   1   1   0    
294  1   9   6   60.44  226.88  1   1   1   0    
295  1   9   7   69.17  226.88  1   1   1   0    
296  1   9   8   77.89  226.88  1   1   1   0    
297  1   9   9   86.61  226.88  1   1   1   0    
298  1   9   10  95.33  226.88  1   1   1   0    
299  1   9   11  104.05 226.88  1   1   1   0    
300  1   9   12  112.77 226.88  1   1   1   0    
301  1   9   13  121.49 226.88  1   1   1   0    
302  1   9   14  130.21 226.88  1   1   1   0    
303  1   9   15  138.93 226.88  1   1   1   0    
304  1   9   16  147.66 226.88  1   1   1   0    
305  1   9   17  156.38 226.88  1   1   1   0    
306  1   9   18  165.1  226.88  1   1   1   0    
307  1   9   19  173.82 226.88  1   1   1   0    
308  1   9   20  182.54 226.88  1   1   1   0    
309  1   9   21  191.26 226.88  1   1   1   0    
310  1   9   22  199.98 226.88  1   1   1   0    
311  1   9   23  208.7  226.88  1   1   1   0    
312  1   9   24  217.42 226.88  1   1   1   0    
313  1   9   25  226.14 226.88  1   1   1   0    
314  1   9   26  234.86 226.88  1   1   1   0    
315  1   9   27  243.59 226.88  1   1   1   0    
316  1   9   28  252.31 226.88  1   1   1   0    
317  1   9   29  261.03 226.88  1   1   1   0    
318  1   9   30  269.75 226.88  1   1   1   0    
319  1   9   31  278.47 226.88  1   1   1   0    
320  1   9   32  287.19 226.88  1   1   1   0    
321  1   9   33  295.91 226.88  1   1   1   0    
322  1   9   34  304.63 226.88  1   1   1   0    
323  1   9   35  313.35 226.88  1   1   1   0    
324  1   9   36  322.08 226.88  1   1   1   0    
325  1   10  1   16.84  251.89  1   1   1   0    
326  1   10  2   25.56  251.89  1   1   1   0    
327  1   10  3   34.28  251.89  1   1   1   0    
328  1   10  4   43     251.89  1   1   1   0    
329  1   10  5   51.72  251.89  1   1   1   0    
330  1   10  6   60.44  251.89  1   1   1   0    
331  1   10  7   69.17  251.89  1   1   1   0    
332  1   10  8   77.89  251.89  1   1   1   0    
333  1   10  9   86.61  251.89  1   1   1   0    
334  1   10  10  95.33  251.89  1   1   1   0    
335  1   10  11  104.05 251.89  1   1   1   0    
336  1   10  12  112.77 251.89  1   1   1   0    
337  1   10  13  121.49 251.89  1   1   1   0    
338  1   10  14  130.21 251.89  1   1   1   0    
339  1   10  15  138.93 251.89  1   1   1   0    
340  1   10  16  147.66 251.89  1   1   1   0    
341  1   10  17  156.38 251.89  1   1   1   0    
342  1   10  18  165.1  251.89  1   1   1   0    
343  1   10  19  173.82 251.89  1   1   1   0    
344  1   10  20  182.54 251.89  1   1   1   0    
345  1   10  21  191.26 251.89  1   1   1   0    
346  1   10  22  199.98 251.89  1   1   1   0    
347  1   10  23  208.7  251.89  1   1   1   0    
348  1   10  24  217.42 251.89  1   1   1   0    
349  1   10  25  226.14 251.89  1   1   1   0    
350  1   10  26  234.86 251.89  1   1   1   0    
351  1   10  27  243.59 251.89  1   1   1   0    
352  1   10  28  252.31 251.89  1   1   1   0    
353  1   10  29  261.03 251.89  1   1   1   0    
354  1   10  30  269.75 251.89  1   1   1   0    
355  1   10  31  278.47 251.89  1   1   1   0    
356  1   10  32  287.19 251.89  1   1   1   0    
357  1   10  33  295.91 251.89  1   1   1   0    
358  1   10  34  304.63 251.89  1   1   1   0    
359  1   10  35  313.35 251.89  1   1   1   0    
360  1   10  36  322.08 251.89  1   1   1   0    
361  1   11  1   16.84  276.91  1   1   1   0    
362  1   11  2   25.56  276.91  1   1   1   0    
363  1   11  3   34.28  276.91  1   1   1   0    
364  1   11  4   43     276.91  1   1   1   0    
365  1   11  5   51.72  276.91  1   1   1   0    
366  1   11  6   60.44  276.91  1   1   1   0    
367  1   11  7   69.17  276.91  1   1   1   0    
368  1   11  8   77.89  276.91  1   1   1   0    
369  1   11  9   86.61  276.91  1   1   1   0    
370  1   11  10  95.33  276.91  1   1   1   0    
371  1   11  11  104.05 276.91  1   1   1   0    
372  1   11  12  112.77 276.91  1   1   1   0    
373  1   11  13  121.49 276.91  1   1   1   0    
374  1   11  14  130.21 276.91  1   1   1   0    
375  1   11  15  138.93 276.91  1   1   1   0    
376  1   11  16  147.66 276.91  1   1   1   0    
377  1   11  17  156.38 276.91  1   1   1   0    
378  1   11  18  165.1  276.91  1   1   1   0    
379  1   11  19  173.82 276.91  1   1   1   0    
380  1   11  20  182.54 276.91  1   1   1   0    
381  1   11  21  191.26 276.91  1   1   1   0    
382  1   11  22  199.98 276.91  1   1   1   0    
383  1   11  23  208.7  276.91  1   1   1   0    
384  1   11  24  217.42 276.91  1   1   1   0    
385  1   11  25  226.14 276.91  1   1   1   0    
386  1   11  26  234.86 276.91  1   1   1   0    
387  1   11  27  243.59 276.91  1   1   1   0    
388  1   11  28  252.31 276.91  1   1   1   0    
389  1   11  29  261.03 276.91  1   1   1   0    
390  1   11  30  269.75 276.91  1   1   1   0    
391  1   11  31  278.47 276.91  1   1   1   0    
392  1   11  32  287.19 276.91  1   1   1   0    
393  1   11  33  295.91 276.91  1   1   1   0    
394  1   11  34  304.63 276.91  1   1   1   0    
395  1   11  35  313.35 276.91  1   1   1   0    
396  1   11  36  322.08 276.91  1   1   1   0    