Number of robot passes: 
300

No Area Row Col.  X      Y     Put FGr Take Angle

1    1   1   1   18.1   24.74   1   1   1   0    
2    1   1   2   34.1   24.74   1   1   1   0    
3    1   1   3   50.1   24.74   1   1   1   0    
4    1   1   4   66.1   24.74   1   1   1   0    
5    1   1   5   82.1   24.74   1   1   1   0    
6    1   1   6   98.1   24.74   1   1   1   0    
7    1   1   7   114.1  24.74   1   1   1   0    
8    1   1   8   130.1  24.74   1   1   1   0    
9    1   1   9   146.1  24.74   1   1   1   0    
10   1   1   10  162.1  24.74   1   1   1   0    
11   1   1   11  178.1  24.74   1   1   1   0    
12   1   1   12  194.1  24.74   1   1   1   0    
13   1   1   13  210.1  24.74   1   1   1   0    
14   1   1   14  226.1  24.74   1   1   1   0    
15   1   1   15  242.1  24.74   1   1   1   0    
16   1   1   16  258.1  24.74   1   1   1   0    
17   1   1   17  274.1  24.74   1   1   1   0    
18   1   1   18  290.1  24.74   1   1   1   0    
19   1   1   19  306.1  24.74   1   1   1   0    
20   1   1   20  322.1  24.74   1   1   1   0    
21   1   2   1   18.1   43.06   1   1   1   0    
22   1   2   2   34.1   43.06   1   1   1   0    
23   1   2   3   50.1   43.06   1   1   1   0    
24   1   2   4   66.1   43.06   1   1   1   0    
25   1   2   5   82.1   43.06   1   1   1   0    
26   1   2   6   98.1   43.06   1   1   1   0    
27   1   2   7   114.1  43.06   1   1   1   0    
28   1   2   8   130.1  43.06   1   1   1   0    
29   1   2   9   146.1  43.06   1   1   1   0    
30   1   2   10  162.1  43.06   1   1   1   0    
31   1   2   11  178.1  43.06   1   1   1   0    
32   1   2   12  194.1  43.06   1   1   1   0    
33   1   2   13  210.1  43.06   1   1   1   0    
34   1   2   14  226.1  43.06   1   1   1   0    
35   1   2   15  242.1  43.06   1   1   1   0    
36   1   2   16  258.1  43.06   1   1   1   0    
37   1   2   17  274.1  43.06   1   1   1   0    
38   1   2   18  290.1  43.06   1   1   1   0    
39   1   2   19  306.1  43.06   1   1   1   0    
40   1   2   20  322.1  43.06   1   1   1   0    
41   1   3   1   18.1   61.38   1   1   1   0    
42   1   3   2   34.1   61.38   1   1   1   0    
43   1   3   3   50.1   61.38   1   1   1   0    
44   1   3   4   66.1   61.38   1   1   1   0    
45   1   3   5   82.1   61.38   1   1   1   0    
46   1   3   6   98.1   61.38   1   1   1   0    
47   1   3   7   114.1  61.38   1   1   1   0    
48   1   3   8   130.1  61.38   1   1   1   0    
49   1   3   9   146.1  61.38   1   1   1   0    
50   1   3   10  162.1  61.38   1   1   1   0    
51   1   3   11  178.1  61.38   1   1   1   0    
52   1   3   12  194.1  61.38   1   1   1   0    
53   1   3   13  210.1  61.38   1   1   1   0    
54   1   3   14  226.1  61.38   1   1   1   0    
55   1   3   15  242.1  61.38   1   1   1   0    
56   1   3   16  258.1  61.38   1   1   1   0    
57   1   3   17  274.1  61.38   1   1   1   0    
58   1   3   18  290.1  61.38   1   1   1   0    
59   1   3   19  306.1  61.38   1   1   1   0    
60   1   3   20  322.1  61.38   1   1   1   0    
61   1   4   1   18.1   79.7    1   1   1   0    
62   1   4   2   34.1   79.7    1   1   1   0    
63   1   4   3   50.1   79.7    1   1   1   0    
64   1   4   4   66.1   79.7    1   1   1   0    
65   1   4   5   82.1   79.7    1   1   1   0    
66   1   4   6   98.1   79.7    1   1   1   0    
67   1   4   7   114.1  79.7    1   1   1   0    
68   1   4   8   130.1  79.7    1   1   1   0    
69   1   4   9   146.1  79.7    1   1   1   0    
70   1   4   10  162.1  79.7    1   1   1   0    
71   1   4   11  178.1  79.7    1   1   1   0    
72   1   4   12  194.1  79.7    1   1   1   0    
73   1   4   13  210.1  79.7    1   1   1   0    
74   1   4   14  226.1  79.7    1   1   1   0    
75   1   4   15  242.1  79.7    1   1   1   0    
76   1   4   16  258.1  79.7    1   1   1   0    
77   1   4   17  274.1  79.7    1   1   1   0    
78   1   4   18  290.1  79.7    1   1   1   0    
79   1   4   19  306.1  79.7    1   1   1   0    
80   1   4   20  322.1  79.7    1   1   1   0    
81   1   5   1   18.1   98.02   1   1   1   0    
82   1   5   2   34.1   98.02   1   1   1   0    
83   1   5   3   50.1   98.02   1   1   1   0    
84   1   5   4   66.1   98.02   1   1   1   0    
85   1   5   5   82.1   98.02   1   1   1   0    
86   1   5   6   98.1   98.02   1   1   1   0    
87   1   5   7   114.1  98.02   1   1   1   0    
88   1   5   8   130.1  98.02   1   1   1   0    
89   1   5   9   146.1  98.02   1   1   1   0    
90   1   5   10  162.1  98.02   1   1   1   0    
91   1   5   11  178.1  98.02   1   1   1   0    
92   1   5   12  194.1  98.02   1   1   1   0    
93   1   5   13  210.1  98.02   1   1   1   0    
94   1   5   14  226.1  98.02   1   1   1   0    
95   1   5   15  242.1  98.02   1   1   1   0    
96   1   5   16  258.1  98.02   1   1   1   0    
97   1   5   17  274.1  98.02   1   1   1   0    
98   1   5   18  290.1  98.02   1   1   1   0    
99   1   5   19  306.1  98.02   1   1   1   0    
100  1   5   20  322.1  98.02   1   1   1   0    
101  1   6   1   18.1   116.34  1   1   1   0    
102  1   6   2   34.1   116.34  1   1   1   0    
103  1   6   3   50.1   116.34  1   1   1   0    
104  1   6   4   66.1   116.34  1   1   1   0    
105  1   6   5   82.1   116.34  1   1   1   0    
106  1   6   6   98.1   116.34  1   1   1   0    
107  1   6   7   114.1  116.34  1   1   1   0    
108  1   6   8   130.1  116.34  1   1   1   0    
109  1   6   9   146.1  116.34  1   1   1   0    
110  1   6   10  162.1  116.34  1   1   1   0    
111  1   6   11  178.1  116.34  1   1   1   0    
112  1   6   12  194.1  116.34  1   1   1   0    
113  1   6   13  210.1  116.34  1   1   1   0    
114  1   6   14  226.1  116.34  1   1   1   0    
115  1   6   15  242.1  116.34  1   1   1   0    
116  1   6   16  258.1  116.34  1   1   1   0    
117  1   6   17  274.1  116.34  1   1   1   0    
118  1   6   18  290.1  116.34  1   1   1   0    
119  1   6   19  306.1  116.34  1   1   1   0    
120  1   6   20  322.1  116.34  1   1   1   0    
121  1   7   1   18.1   134.66  1   1   1   0    
122  1   7   2   34.1   134.66  1   1   1   0    
123  1   7   3   50.1   134.66  1   1   1   0    
124  1   7   4   66.1   134.66  1   1   1   0    
125  1   7   5   82.1   134.66  1   1   1   0    
126  1   7   6   98.1   134.66  1   1   1   0    
127  1   7   7   114.1  134.66  1   1   1   0    
128  1   7   8   130.1  134.66  1   1   1   0    
129  1   7   9   146.1  134.66  1   1   1   0    
130  1   7   10  162.1  134.66  1   1   1   0    
131  1   7   11  178.1  134.66  1   1   1   0    
132  1   7   12  194.1  134.66  1   1   1   0    
133  1   7   13  210.1  134.66  1   1   1   0    
134  1   7   14  226.1  134.66  1   1   1   0    
135  1   7   15  242.1  134.66  1   1   1   0    
136  1   7   16  258.1  134.66  1   1   1   0    
137  1   7   17  274.1  134.66  1   1   1   0    
138  1   7   18  290.1  134.66  1   1   1   0    
139  1   7   19  306.1  134.66  1   1   1   0    
140  1   7   20  322.1  134.66  1   1   1   0    
141  1   8   1   18.1   152.98  1   1   1   0    
142  1   8   2   34.1   152.98  1   1   1   0    
143  1   8   3   50.1   152.98  1   1   1   0    
144  1   8   4   66.1   152.98  1   1   1   0    
145  1   8   5   82.1   152.98  1   1   1   0    
146  1   8   6   98.1   152.98  1   1   1   0    
147  1   8   7   114.1  152.98  1   1   1   0    
148  1   8   8   130.1  152.98  1   1   1   0    
149  1   8   9   146.1  152.98  1   1   1   0    
150  1   8   10  162.1  152.98  1   1   1   0    
151  1   8   11  178.1  152.98  1   1   1   0    
152  1   8   12  194.1  152.98  1   1   1   0    
153  1   8   13  210.1  152.98  1   1   1   0    
154  1   8   14  226.1  152.98  1   1   1   0    
155  1   8   15  242.1  152.98  1   1   1   0    
156  1   8   16  258.1  152.98  1   1   1   0    
157  1   8   17  274.1  152.98  1   1   1   0    
158  1   8   18  290.1  152.98  1   1   1   0    
159  1   8   19  306.1  152.98  1   1   1   0    
160  1   8   20  322.1  152.98  1   1   1   0    
161  1   9   1   18.1   171.3   1   1   1   0    
162  1   9   2   34.1   171.3   1   1   1   0    
163  1   9   3   50.1   171.3   1   1   1   0    
164  1   9   4   66.1   171.3   1   1   1   0    
165  1   9   5   82.1   171.3   1   1   1   0    
166  1   9   6   98.1   171.3   1   1   1   0    
167  1   9   7   114.1  171.3   1   1   1   0    
168  1   9   8   130.1  171.3   1   1   1   0    
169  1   9   9   146.1  171.3   1   1   1   0    
170  1   9   10  162.1  171.3   1   1   1   0    
171  1   9   11  178.1  171.3   1   1   1   0    
172  1   9   12  194.1  171.3   1   1   1   0    
173  1   9   13  210.1  171.3   1   1   1   0    
174  1   9   14  226.1  171.3   1   1   1   0    
175  1   9   15  242.1  171.3   1   1   1   0    
176  1   9   16  258.1  171.3   1   1   1   0    
177  1   9   17  274.1  171.3   1   1   1   0    
178  1   9   18  290.1  171.3   1   1   1   0    
179  1   9   19  306.1  171.3   1   1   1   0    
180  1   9   20  322.1  171.3   1   1   1   0    
181  1   10  1   18.1   189.62  1   1   1   0    
182  1   10  2   34.1   189.62  1   1   1   0    
183  1   10  3   50.1   189.62  1   1   1   0    
184  1   10  4   66.1   189.62  1   1   1   0    
185  1   10  5   82.1   189.62  1   1   1   0    
186  1   10  6   98.1   189.62  1   1   1   0    
187  1   10  7   114.1  189.62  1   1   1   0    
188  1   10  8   130.1  189.62  1   1   1   0    
189  1   10  9   146.1  189.62  1   1   1   0    
190  1   10  10  162.1  189.62  1   1   1   0    
191  1   10  11  178.1  189.62  1   1   1   0    
192  1   10  12  194.1  189.62  1   1   1   0    
193  1   10  13  210.1  189.62  1   1   1   0    
194  1   10  14  226.1  189.62  1   1   1   0    
195  1   10  15  242.1  189.62  1   1   1   0    
196  1   10  16  258.1  189.62  1   1   1   0    
197  1   10  17  274.1  189.62  1   1   1   0    
198  1   10  18  290.1  189.62  1   1   1   0    
199  1   10  19  306.1  189.62  1   1   1   0    
200  1   10  20  322.1  189.62  1   1   1   0    
201  1   11  1   18.1   207.94  1   1   1   0    
202  1   11  2   34.1   207.94  1   1   1   0    
203  1   11  3   50.1   207.94  1   1   1   0    
204  1   11  4   66.1   207.94  1   1   1   0    
205  1   11  5   82.1   207.94  1   1   1   0    
206  1   11  6   98.1   207.94  1   1   1   0    
207  1   11  7   114.1  207.94  1   1   1   0    
208  1   11  8   130.1  207.94  1   1   1   0    
209  1   11  9   146.1  207.94  1   1   1   0    
210  1   11  10  162.1  207.94  1   1   1   0    
211  1   11  11  178.1  207.94  1   1   1   0    
212  1   11  12  194.1  207.94  1   1   1   0    
213  1   11  13  210.1  207.94  1   1   1   0    
214  1   11  14  226.1  207.94  1   1   1   0    
215  1   11  15  242.1  207.94  1   1   1   0    
216  1   11  16  258.1  207.94  1   1   1   0    
217  1   11  17  274.1  207.94  1   1   1   0    
218  1   11  18  290.1  207.94  1   1   1   0    
219  1   11  19  306.1  207.94  1   1   1   0    
220  1   11  20  322.1  207.94  1   1   1   0    
221  1   12  1   18.1   226.26  1   1   1   0    
222  1   12  2   34.1   226.26  1   1   1   0    
223  1   12  3   50.1   226.26  1   1   1   0    
224  1   12  4   66.1   226.26  1   1   1   0    
225  1   12  5   82.1   226.26  1   1   1   0    
226  1   12  6   98.1   226.26  1   1   1   0    
227  1   12  7   114.1  226.26  1   1   1   0    
228  1   12  8   130.1  226.26  1   1   1   0    
229  1   12  9   146.1  226.26  1   1   1   0    
230  1   12  10  162.1  226.26  1   1   1   0    
231  1   12  11  178.1  226.26  1   1   1   0    
232  1   12  12  194.1  226.26  1   1   1   0    
233  1   12  13  210.1  226.26  1   1   1   0    
234  1   12  14  226.1  226.26  1   1   1   0    
235  1   12  15  242.1  226.26  1   1   1   0    
236  1   12  16  258.1  226.26  1   1   1   0    
237  1   12  17  274.1  226.26  1   1   1   0    
238  1   12  18  290.1  226.26  1   1   1   0    
239  1   12  19  306.1  226.26  1   1   1   0    
240  1   12  20  322.1  226.26  1   1   1   0    
241  1   13  1   18.1   244.58  1   1   1   0    
242  1   13  2   34.1   244.58  1   1   1   0    
243  1   13  3   50.1   244.58  1   1   1   0    
244  1   13  4   66.1   244.58  1   1   1   0    
245  1   13  5   82.1   244.58  1   1   1   0    
246  1   13  6   98.1   244.58  1   1   1   0    
247  1   13  7   114.1  244.58  1   1   1   0    
248  1   13  8   130.1  244.58  1   1   1   0    
249  1   13  9   146.1  244.58  1   1   1   0    
250  1   13  10  162.1  244.58  1   1   1   0    
251  1   13  11  178.1  244.58  1   1   1   0    
252  1   13  12  194.1  244.58  1   1   1   0    
253  1   13  13  210.1  244.58  1   1   1   0    
254  1   13  14  226.1  244.58  1   1   1   0    
255  1   13  15  242.1  244.58  1   1   1   0    
256  1   13  16  258.1  244.58  1   1   1   0    
257  1   13  17  274.1  244.58  1   1   1   0    
258  1   13  18  290.1  244.58  1   1   1   0    
259  1   13  19  306.1  244.58  1   1   1   0    
260  1   13  20  322.1  244.58  1   1   1   0    
261  1   14  1   18.1   262.9   1   1   1   0    
262  1   14  2   34.1   262.9   1   1   1   0    
263  1   14  3   50.1   262.9   1   1   1   0    
264  1   14  4   66.1   262.9   1   1   1   0    
265  1   14  5   82.1   262.9   1   1   1   0    
266  1   14  6   98.1   262.9   1   1   1   0    
267  1   14  7   114.1  262.9   1   1   1   0    
268  1   14  8   130.1  262.9   1   1   1   0    
269  1   14  9   146.1  262.9   1   1   1   0    
270  1   14  10  162.1  262.9   1   1   1   0    
271  1   14  11  178.1  262.9   1   1   1   0    
272  1   14  12  194.1  262.9   1   1   1   0    
273  1   14  13  210.1  262.9   1   1   1   0    
274  1   14  14  226.1  262.9   1   1   1   0    
275  1   14  15  242.1  262.9   1   1   1   0    
276  1   14  16  258.1  262.9   1   1   1   0    
277  1   14  17  274.1  262.9   1   1   1   0    
278  1   14  18  290.1  262.9   1   1   1   0    
279  1   14  19  306.1  262.9   1   1   1   0    
280  1   14  20  322.1  262.9   1   1   1   0    
281  1   15  1   18.1   281.22  1   1   1   0    
282  1   15  2   34.1   281.22  1   1   1   0    
283  1   15  3   50.1   281.22  1   1   1   0    
284  1   15  4   66.1   281.22  1   1   1   0    
285  1   15  5   82.1   281.22  1   1   1   0    
286  1   15  6   98.1   281.22  1   1   1   0    
287  1   15  7   114.1  281.22  1   1   1   0    
288  1   15  8   130.1  281.22  1   1   1   0    
289  1   15  9   146.1  281.22  1   1   1   0    
290  1   15  10  162.1  281.22  1   1   1   0    
291  1   15  11  178.1  281.22  1   1   1   0    
292  1   15  12  194.1  281.22  1   1   1   0    
293  1   15  13  210.1  281.22  1   1   1   0    
294  1   15  14  226.1  281.22  1   1   1   0    
295  1   15  15  242.1  281.22  1   1   1   0    
296  1   15  16  258.1  281.22  1   1   1   0    
297  1   15  17  274.1  281.22  1   1   1   0    
298  1   15  18  290.1  281.22  1   1   1   0    
299  1   15  19  306.1  281.22  1   1   1   0    
300  1   15  20  322.1  281.22  1   1   1   0    