Number of robot passes: 
1140

No Area Row Col.  X      Y     Put FGr Take Angle

1    1   1   1   18     23.86   1   1   1   0    
2    1   1   2   26     23.86   1   1   1   0    
3    1   1   3   34     23.86   1   1   1   0    
4    1   1   4   42     23.86   1   1   1   0    
5    1   1   5   50     23.86   1   1   1   0    
6    1   1   6   58     23.86   1   1   1   0    
7    1   1   7   66     23.86   1   1   1   0    
8    1   1   8   74     23.86   1   1   1   0    
9    1   1   9   82     23.86   1   1   1   0    
10   1   1   10  90     23.86   1   1   1   0    
11   1   1   11  98     23.86   1   1   1   0    
12   1   1   12  106    23.86   1   1   1   0    
13   1   1   13  114    23.86   1   1   1   0    
14   1   1   14  122    23.86   1   1   1   0    
15   1   1   15  130    23.86   1   1   1   0    
16   1   1   16  138    23.86   1   1   1   0    
17   1   1   17  146    23.86   1   1   1   0    
18   1   1   18  154    23.86   1   1   1   0    
19   1   1   19  162    23.86   1   1   1   0    
20   1   1   20  170    23.86   1   1   1   0    
21   1   1   21  178    23.86   1   1   1   0    
22   1   1   22  186    23.86   1   1   1   0    
23   1   1   23  194    23.86   1   1   1   0    
24   1   1   24  202    23.86   1   1   1   0    
25   1   1   25  210    23.86   1   1   1   0    
26   1   1   26  218    23.86   1   1   1   0    
27   1   1   27  226    23.86   1   1   1   0    
28   1   1   28  234    23.86   1   1   1   0    
29   1   1   29  242    23.86   1   1   1   0    
30   1   1   30  250    23.86   1   1   1   0    
31   1   1   31  258    23.86   1   1   1   0    
32   1   1   32  266    23.86   1   1   1   0    
33   1   1   33  274    23.86   1   1   1   0    
34   1   1   34  282    23.86   1   1   1   0    
35   1   1   35  290    23.86   1   1   1   0    
36   1   1   36  298    23.86   1   1   1   0    
37   1   1   37  306    23.86   1   1   1   0    
38   1   1   38  314    23.86   1   1   1   0    
39   2   1   39  330    23.86   1   1   1   0    
40   2   1   40  338    23.86   1   1   1   0    
41   2   1   41  346    23.86   1   1   1   0    
42   2   1   42  354    23.86   1   1   1   0    
43   2   1   43  362    23.86   1   1   1   0    
44   2   1   44  370    23.86   1   1   1   0    
45   2   1   45  378    23.86   1   1   1   0    
46   2   1   46  386    23.86   1   1   1   0    
47   2   1   47  394    23.86   1   1   1   0    
48   2   1   48  402    23.86   1   1   1   0    
49   2   1   49  410    23.86   1   1   1   0    
50   2   1   50  418    23.86   1   1   1   0    
51   2   1   51  426    23.86   1   1   1   0    
52   2   1   52  434    23.86   1   1   1   0    
53   2   1   53  442    23.86   1   1   1   0    
54   2   1   54  450    23.86   1   1   1   0    
55   2   1   55  458    23.86   1   1   1   0    
56   2   1   56  466    23.86   1   1   1   0    
57   2   1   57  474    23.86   1   1   1   0    
58   2   1   58  482    23.86   1   1   1   0    
59   2   1   59  490    23.86   1   1   1   0    
60   2   1   60  498    23.86   1   1   1   0    
61   2   1   61  506    23.86   1   1   1   0    
62   2   1   62  514    23.86   1   1   1   0    
63   2   1   63  522    23.86   1   1   1   0    
64   2   1   64  530    23.86   1   1   1   0    
65   2   1   65  538    23.86   1   1   1   0    
66   2   1   66  546    23.86   1   1   1   0    
67   2   1   67  554    23.86   1   1   1   0    
68   2   1   68  562    23.86   1   1   1   0    
69   2   1   69  570    23.86   1   1   1   0    
70   2   1   70  578    23.86   1   1   1   0    
71   2   1   71  586    23.86   1   1   1   0    
72   2   1   72  594    23.86   1   1   1   0    
73   2   1   73  602    23.86   1   1   1   0    
74   2   1   74  610    23.86   1   1   1   0    
75   2   1   75  618    23.86   1   1   1   0    
76   2   1   76  626    23.86   1   1   1   0    
77   1   2   1   18     42.13   1   1   1   0    
78   1   2   2   26     42.13   1   1   1   0    
79   1   2   3   34     42.13   1   1   1   0    
80   1   2   4   42     42.13   1   1   1   0    
81   1   2   5   50     42.13   1   1   1   0    
82   1   2   6   58     42.13   1   1   1   0    
83   1   2   7   66     42.13   1   1   1   0    
84   1   2   8   74     42.13   1   1   1   0    
85   1   2   9   82     42.13   1   1   1   0    
86   1   2   10  90     42.13   1   1   1   0    
87   1   2   11  98     42.13   1   1   1   0    
88   1   2   12  106    42.13   1   1   1   0    
89   1   2   13  114    42.13   1   1   1   0    
90   1   2   14  122    42.13   1   1   1   0    
91   1   2   15  130    42.13   1   1   1   0    
92   1   2   16  138    42.13   1   1   1   0    
93   1   2   17  146    42.13   1   1   1   0    
94   1   2   18  154    42.13   1   1   1   0    
95   1   2   19  162    42.13   1   1   1   0    
96   1   2   20  170    42.13   1   1   1   0    
97   1   2   21  178    42.13   1   1   1   0    
98   1   2   22  186    42.13   1   1   1   0    
99   1   2   23  194    42.13   1   1   1   0    
100  1   2   24  202    42.13   1   1   1   0    
101  1   2   25  210    42.13   1   1   1   0    
102  1   2   26  218    42.13   1   1   1   0    
103  1   2   27  226    42.13   1   1   1   0    
104  1   2   28  234    42.13   1   1   1   0    
105  1   2   29  242    42.13   1   1   1   0    
106  1   2   30  250    42.13   1   1   1   0    
107  1   2   31  258    42.13   1   1   1   0    
108  1   2   32  266    42.13   1   1   1   0    
109  1   2   33  274    42.13   1   1   1   0    
110  1   2   34  282    42.13   1   1   1   0    
111  1   2   35  290    42.13   1   1   1   0    
112  1   2   36  298    42.13   1   1   1   0    
113  1   2   37  306    42.13   1   1   1   0    
114  1   2   38  314    42.13   1   1   1   0    
115  2   2   39  330    42.13   1   1   1   0    
116  2   2   40  338    42.13   1   1   1   0    
117  2   2   41  346    42.13   1   1   1   0    
118  2   2   42  354    42.13   1   1   1   0    
119  2   2   43  362    42.13   1   1   1   0    
120  2   2   44  370    42.13   1   1   1   0    
121  2   2   45  378    42.13   1   1   1   0    
122  2   2   46  386    42.13   1   1   1   0    
123  2   2   47  394    42.13   1   1   1   0    
124  2   2   48  402    42.13   1   1   1   0    
125  2   2   49  410    42.13   1   1   1   0    
126  2   2   50  418    42.13   1   1   1   0    
127  2   2   51  426    42.13   1   1   1   0    
128  2   2   52  434    42.13   1   1   1   0    
129  2   2   53  442    42.13   1   1   1   0    
130  2   2   54  450    42.13   1   1   1   0    
131  2   2   55  458    42.13   1   1   1   0    
132  2   2   56  466    42.13   1   1   1   0    
133  2   2   57  474    42.13   1   1   1   0    
134  2   2   58  482    42.13   1   1   1   0    
135  2   2   59  490    42.13   1   1   1   0    
136  2   2   60  498    42.13   1   1   1   0    
137  2   2   61  506    42.13   1   1   1   0    
138  2   2   62  514    42.13   1   1   1   0    
139  2   2   63  522    42.13   1   1   1   0    
140  2   2   64  530    42.13   1   1   1   0    
141  2   2   65  538    42.13   1   1   1   0    
142  2   2   66  546    42.13   1   1   1   0    
143  2   2   67  554    42.13   1   1   1   0    
144  2   2   68  562    42.13   1   1   1   0    
145  2   2   69  570    42.13   1   1   1   0    
146  2   2   70  578    42.13   1   1   1   0    
147  2   2   71  586    42.13   1   1   1   0    
148  2   2   72  594    42.13   1   1   1   0    
149  2   2   73  602    42.13   1   1   1   0    
150  2   2   74  610    42.13   1   1   1   0    
151  2   2   75  618    42.13   1   1   1   0    
152  2   2   76  626    42.13   1   1   1   0    
153  1   3   1   18     60.4    1   1   1   0    
154  1   3   2   26     60.4    1   1   1   0    
155  1   3   3   34     60.4    1   1   1   0    
156  1   3   4   42     60.4    1   1   1   0    
157  1   3   5   50     60.4    1   1   1   0    
158  1   3   6   58     60.4    1   1   1   0    
159  1   3   7   66     60.4    1   1   1   0    
160  1   3   8   74     60.4    1   1   1   0    
161  1   3   9   82     60.4    1   1   1   0    
162  1   3   10  90     60.4    1   1   1   0    
163  1   3   11  98     60.4    1   1   1   0    
164  1   3   12  106    60.4    1   1   1   0    
165  1   3   13  114    60.4    1   1   1   0    
166  1   3   14  122    60.4    1   1   1   0    
167  1   3   15  130    60.4    1   1   1   0    
168  1   3   16  138    60.4    1   1   1   0    
169  1   3   17  146    60.4    1   1   1   0    
170  1   3   18  154    60.4    1   1   1   0    
171  1   3   19  162    60.4    1   1   1   0    
172  1   3   20  170    60.4    1   1   1   0    
173  1   3   21  178    60.4    1   1   1   0    
174  1   3   22  186    60.4    1   1   1   0    
175  1   3   23  194    60.4    1   1   1   0    
176  1   3   24  202    60.4    1   1   1   0    
177  1   3   25  210    60.4    1   1   1   0    
178  1   3   26  218    60.4    1   1   1   0    
179  1   3   27  226    60.4    1   1   1   0    
180  1   3   28  234    60.4    1   1   1   0    
181  1   3   29  242    60.4    1   1   1   0    
182  1   3   30  250    60.4    1   1   1   0    
183  1   3   31  258    60.4    1   1   1   0    
184  1   3   32  266    60.4    1   1   1   0    
185  1   3   33  274    60.4    1   1   1   0    
186  1   3   34  282    60.4    1   1   1   0    
187  1   3   35  290    60.4    1   1   1   0    
188  1   3   36  298    60.4    1   1   1   0    
189  1   3   37  306    60.4    1   1   1   0    
190  1   3   38  314    60.4    1   1   1   0    
191  2   3   39  330    60.4    1   1   1   0    
192  2   3   40  338    60.4    1   1   1   0    
193  2   3   41  346    60.4    1   1   1   0    
194  2   3   42  354    60.4    1   1   1   0    
195  2   3   43  362    60.4    1   1   1   0    
196  2   3   44  370    60.4    1   1   1   0    
197  2   3   45  378    60.4    1   1   1   0    
198  2   3   46  386    60.4    1   1   1   0    
199  2   3   47  394    60.4    1   1   1   0    
200  2   3   48  402    60.4    1   1   1   0    
201  2   3   49  410    60.4    1   1   1   0    
202  2   3   50  418    60.4    1   1   1   0    
203  2   3   51  426    60.4    1   1   1   0    
204  2   3   52  434    60.4    1   1   1   0    
205  2   3   53  442    60.4    1   1   1   0    
206  2   3   54  450    60.4    1   1   1   0    
207  2   3   55  458    60.4    1   1   1   0    
208  2   3   56  466    60.4    1   1   1   0    
209  2   3   57  474    60.4    1   1   1   0    
210  2   3   58  482    60.4    1   1   1   0    
211  2   3   59  490    60.4    1   1   1   0    
212  2   3   60  498    60.4    1   1   1   0    
213  2   3   61  506    60.4    1   1   1   0    
214  2   3   62  514    60.4    1   1   1   0    
215  2   3   63  522    60.4    1   1   1   0    
216  2   3   64  530    60.4    1   1   1   0    
217  2   3   65  538    60.4    1   1   1   0    
218  2   3   66  546    60.4    1   1   1   0    
219  2   3   67  554    60.4    1   1   1   0    
220  2   3   68  562    60.4    1   1   1   0    
221  2   3   69  570    60.4    1   1   1   0    
222  2   3   70  578    60.4    1   1   1   0    
223  2   3   71  586    60.4    1   1   1   0    
224  2   3   72  594    60.4    1   1   1   0    
225  2   3   73  602    60.4    1   1   1   0    
226  2   3   74  610    60.4    1   1   1   0    
227  2   3   75  618    60.4    1   1   1   0    
228  2   3   76  626    60.4    1   1   1   0    
229  1   4   1   18     78.67   1   1   1   0    
230  1   4   2   26     78.67   1   1   1   0    
231  1   4   3   34     78.67   1   1   1   0    
232  1   4   4   42     78.67   1   1   1   0    
233  1   4   5   50     78.67   1   1   1   0    
234  1   4   6   58     78.67   1   1   1   0    
235  1   4   7   66     78.67   1   1   1   0    
236  1   4   8   74     78.67   1   1   1   0    
237  1   4   9   82     78.67   1   1   1   0    
238  1   4   10  90     78.67   1   1   1   0    
239  1   4   11  98     78.67   1   1   1   0    
240  1   4   12  106    78.67   1   1   1   0    
241  1   4   13  114    78.67   1   1   1   0    
242  1   4   14  122    78.67   1   1   1   0    
243  1   4   15  130    78.67   1   1   1   0    
244  1   4   16  138    78.67   1   1   1   0    
245  1   4   17  146    78.67   1   1   1   0    
246  1   4   18  154    78.67   1   1   1   0    
247  1   4   19  162    78.67   1   1   1   0    
248  1   4   20  170    78.67   1   1   1   0    
249  1   4   21  178    78.67   1   1   1   0    
250  1   4   22  186    78.67   1   1   1   0    
251  1   4   23  194    78.67   1   1   1   0    
252  1   4   24  202    78.67   1   1   1   0    
253  1   4   25  210    78.67   1   1   1   0    
254  1   4   26  218    78.67   1   1   1   0    
255  1   4   27  226    78.67   1   1   1   0    
256  1   4   28  234    78.67   1   1   1   0    
257  1   4   29  242    78.67   1   1   1   0    
258  1   4   30  250    78.67   1   1   1   0    
259  1   4   31  258    78.67   1   1   1   0    
260  1   4   32  266    78.67   1   1   1   0    
261  1   4   33  274    78.67   1   1   1   0    
262  1   4   34  282    78.67   1   1   1   0    
263  1   4   35  290    78.67   1   1   1   0    
264  1   4   36  298    78.67   1   1   1   0    
265  1   4   37  306    78.67   1   1   1   0    
266  1   4   38  314    78.67   1   1   1   0    
267  2   4   39  330    78.67   1   1   1   0    
268  2   4   40  338    78.67   1   1   1   0    
269  2   4   41  346    78.67   1   1   1   0    
270  2   4   42  354    78.67   1   1   1   0    
271  2   4   43  362    78.67   1   1   1   0    
272  2   4   44  370    78.67   1   1   1   0    
273  2   4   45  378    78.67   1   1   1   0    
274  2   4   46  386    78.67   1   1   1   0    
275  2   4   47  394    78.67   1   1   1   0    
276  2   4   48  402    78.67   1   1   1   0    
277  2   4   49  410    78.67   1   1   1   0    
278  2   4   50  418    78.67   1   1   1   0    
279  2   4   51  426    78.67   1   1   1   0    
280  2   4   52  434    78.67   1   1   1   0    
281  2   4   53  442    78.67   1   1   1   0    
282  2   4   54  450    78.67   1   1   1   0    
283  2   4   55  458    78.67   1   1   1   0    
284  2   4   56  466    78.67   1   1   1   0    
285  2   4   57  474    78.67   1   1   1   0    
286  2   4   58  482    78.67   1   1   1   0    
287  2   4   59  490    78.67   1   1   1   0    
288  2   4   60  498    78.67   1   1   1   0    
289  2   4   61  506    78.67   1   1   1   0    
290  2   4   62  514    78.67   1   1   1   0    
291  2   4   63  522    78.67   1   1   1   0    
292  2   4   64  530    78.67   1   1   1   0    
293  2   4   65  538    78.67   1   1   1   0    
294  2   4   66  546    78.67   1   1   1   0    
295  2   4   67  554    78.67   1   1   1   0    
296  2   4   68  562    78.67   1   1   1   0    
297  2   4   69  570    78.67   1   1   1   0    
298  2   4   70  578    78.67   1   1   1   0    
299  2   4   71  586    78.67   1   1   1   0    
300  2   4   72  594    78.67   1   1   1   0    
301  2   4   73  602    78.67   1   1   1   0    
302  2   4   74  610    78.67   1   1   1   0    
303  2   4   75  618    78.67   1   1   1   0    
304  2   4   76  626    78.67   1   1   1   0    
305  1   5   1   18     96.94   1   1   1   0    
306  1   5   2   26     96.94   1   1   1   0    
307  1   5   3   34     96.94   1   1   1   0    
308  1   5   4   42     96.94   1   1   1   0    
309  1   5   5   50     96.94   1   1   1   0    
310  1   5   6   58     96.94   1   1   1   0    
311  1   5   7   66     96.94   1   1   1   0    
312  1   5   8   74     96.94   1   1   1   0    
313  1   5   9   82     96.94   1   1   1   0    
314  1   5   10  90     96.94   1   1   1   0    
315  1   5   11  98     96.94   1   1   1   0    
316  1   5   12  106    96.94   1   1   1   0    
317  1   5   13  114    96.94   1   1   1   0    
318  1   5   14  122    96.94   1   1   1   0    
319  1   5   15  130    96.94   1   1   1   0    
320  1   5   16  138    96.94   1   1   1   0    
321  1   5   17  146    96.94   1   1   1   0    
322  1   5   18  154    96.94   1   1   1   0    
323  1   5   19  162    96.94   1   1   1   0    
324  1   5   20  170    96.94   1   1   1   0    
325  1   5   21  178    96.94   1   1   1   0    
326  1   5   22  186    96.94   1   1   1   0    
327  1   5   23  194    96.94   1   1   1   0    
328  1   5   24  202    96.94   1   1   1   0    
329  1   5   25  210    96.94   1   1   1   0    
330  1   5   26  218    96.94   1   1   1   0    
331  1   5   27  226    96.94   1   1   1   0    
332  1   5   28  234    96.94   1   1   1   0    
333  1   5   29  242    96.94   1   1   1   0    
334  1   5   30  250    96.94   1   1   1   0    
335  1   5   31  258    96.94   1   1   1   0    
336  1   5   32  266    96.94   1   1   1   0    
337  1   5   33  274    96.94   1   1   1   0    
338  1   5   34  282    96.94   1   1   1   0    
339  1   5   35  290    96.94   1   1   1   0    
340  1   5   36  298    96.94   1   1   1   0    
341  1   5   37  306    96.94   1   1   1   0    
342  1   5   38  314    96.94   1   1   1   0    
343  2   5   39  330    96.94   1   1   1   0    
344  2   5   40  338    96.94   1   1   1   0    
345  2   5   41  346    96.94   1   1   1   0    
346  2   5   42  354    96.94   1   1   1   0    
347  2   5   43  362    96.94   1   1   1   0    
348  2   5   44  370    96.94   1   1   1   0    
349  2   5   45  378    96.94   1   1   1   0    
350  2   5   46  386    96.94   1   1   1   0    
351  2   5   47  394    96.94   1   1   1   0    
352  2   5   48  402    96.94   1   1   1   0    
353  2   5   49  410    96.94   1   1   1   0    
354  2   5   50  418    96.94   1   1   1   0    
355  2   5   51  426    96.94   1   1   1   0    
356  2   5   52  434    96.94   1   1   1   0    
357  2   5   53  442    96.94   1   1   1   0    
358  2   5   54  450    96.94   1   1   1   0    
359  2   5   55  458    96.94   1   1   1   0    
360  2   5   56  466    96.94   1   1   1   0    
361  2   5   57  474    96.94   1   1   1   0    
362  2   5   58  482    96.94   1   1   1   0    
363  2   5   59  490    96.94   1   1   1   0    
364  2   5   60  498    96.94   1   1   1   0    
365  2   5   61  506    96.94   1   1   1   0    
366  2   5   62  514    96.94   1   1   1   0    
367  2   5   63  522    96.94   1   1   1   0    
368  2   5   64  530    96.94   1   1   1   0    
369  2   5   65  538    96.94   1   1   1   0    
370  2   5   66  546    96.94   1   1   1   0    
371  2   5   67  554    96.94   1   1   1   0    
372  2   5   68  562    96.94   1   1   1   0    
373  2   5   69  570    96.94   1   1   1   0    
374  2   5   70  578    96.94   1   1   1   0    
375  2   5   71  586    96.94   1   1   1   0    
376  2   5   72  594    96.94   1   1   1   0    
377  2   5   73  602    96.94   1   1   1   0    
378  2   5   74  610    96.94   1   1   1   0    
379  2   5   75  618    96.94   1   1   1   0    
380  2   5   76  626    96.94   1   1   1   0    
381  1   6   1   18     115.21  1   1   1   0    
382  1   6   2   26     115.21  1   1   1   0    
383  1   6   3   34     115.21  1   1   1   0    
384  1   6   4   42     115.21  1   1   1   0    
385  1   6   5   50     115.21  1   1   1   0    
386  1   6   6   58     115.21  1   1   1   0    
387  1   6   7   66     115.21  1   1   1   0    
388  1   6   8   74     115.21  1   1   1   0    
389  1   6   9   82     115.21  1   1   1   0    
390  1   6   10  90     115.21  1   1   1   0    
391  1   6   11  98     115.21  1   1   1   0    
392  1   6   12  106    115.21  1   1   1   0    
393  1   6   13  114    115.21  1   1   1   0    
394  1   6   14  122    115.21  1   1   1   0    
395  1   6   15  130    115.21  1   1   1   0    
396  1   6   16  138    115.21  1   1   1   0    
397  1   6   17  146    115.21  1   1   1   0    
398  1   6   18  154    115.21  1   1   1   0    
399  1   6   19  162    115.21  1   1   1   0    
400  1   6   20  170    115.21  1   1   1   0    
401  1   6   21  178    115.21  1   1   1   0    
402  1   6   22  186    115.21  1   1   1   0    
403  1   6   23  194    115.21  1   1   1   0    
404  1   6   24  202    115.21  1   1   1   0    
405  1   6   25  210    115.21  1   1   1   0    
406  1   6   26  218    115.21  1   1   1   0    
407  1   6   27  226    115.21  1   1   1   0    
408  1   6   28  234    115.21  1   1   1   0    
409  1   6   29  242    115.21  1   1   1   0    
410  1   6   30  250    115.21  1   1   1   0    
411  1   6   31  258    115.21  1   1   1   0    
412  1   6   32  266    115.21  1   1   1   0    
413  1   6   33  274    115.21  1   1   1   0    
414  1   6   34  282    115.21  1   1   1   0    
415  1   6   35  290    115.21  1   1   1   0    
416  1   6   36  298    115.21  1   1   1   0    
417  1   6   37  306    115.21  1   1   1   0    
418  1   6   38  314    115.21  1   1   1   0    
419  2   6   39  330    115.21  1   1   1   0    
420  2   6   40  338    115.21  1   1   1   0    
421  2   6   41  346    115.21  1   1   1   0    
422  2   6   42  354    115.21  1   1   1   0    
423  2   6   43  362    115.21  1   1   1   0    
424  2   6   44  370    115.21  1   1   1   0    
425  2   6   45  378    115.21  1   1   1   0    
426  2   6   46  386    115.21  1   1   1   0    
427  2   6   47  394    115.21  1   1   1   0    
428  2   6   48  402    115.21  1   1   1   0    
429  2   6   49  410    115.21  1   1   1   0    
430  2   6   50  418    115.21  1   1   1   0    
431  2   6   51  426    115.21  1   1   1   0    
432  2   6   52  434    115.21  1   1   1   0    
433  2   6   53  442    115.21  1   1   1   0    
434  2   6   54  450    115.21  1   1   1   0    
435  2   6   55  458    115.21  1   1   1   0    
436  2   6   56  466    115.21  1   1   1   0    
437  2   6   57  474    115.21  1   1   1   0    
438  2   6   58  482    115.21  1   1   1   0    
439  2   6   59  490    115.21  1   1   1   0    
440  2   6   60  498    115.21  1   1   1   0    
441  2   6   61  506    115.21  1   1   1   0    
442  2   6   62  514    115.21  1   1   1   0    
443  2   6   63  522    115.21  1   1   1   0    
444  2   6   64  530    115.21  1   1   1   0    
445  2   6   65  538    115.21  1   1   1   0    
446  2   6   66  546    115.21  1   1   1   0    
447  2   6   67  554    115.21  1   1   1   0    
448  2   6   68  562    115.21  1   1   1   0    
449  2   6   69  570    115.21  1   1   1   0    
450  2   6   70  578    115.21  1   1   1   0    
451  2   6   71  586    115.21  1   1   1   0    
452  2   6   72  594    115.21  1   1   1   0    
453  2   6   73  602    115.21  1   1   1   0    
454  2   6   74  610    115.21  1   1   1   0    
455  2   6   75  618    115.21  1   1   1   0    
456  2   6   76  626    115.21  1   1   1   0    
457  1   7   1   18     133.48  1   1   1   0    
458  1   7   2   26     133.48  1   1   1   0    
459  1   7   3   34     133.48  1   1   1   0    
460  1   7   4   42     133.48  1   1   1   0    
461  1   7   5   50     133.48  1   1   1   0    
462  1   7   6   58     133.48  1   1   1   0    
463  1   7   7   66     133.48  1   1   1   0    
464  1   7   8   74     133.48  1   1   1   0    
465  1   7   9   82     133.48  1   1   1   0    
466  1   7   10  90     133.48  1   1   1   0    
467  1   7   11  98     133.48  1   1   1   0    
468  1   7   12  106    133.48  1   1   1   0    
469  1   7   13  114    133.48  1   1   1   0    
470  1   7   14  122    133.48  1   1   1   0    
471  1   7   15  130    133.48  1   1   1   0    
472  1   7   16  138    133.48  1   1   1   0    
473  1   7   17  146    133.48  1   1   1   0    
474  1   7   18  154    133.48  1   1   1   0    
475  1   7   19  162    133.48  1   1   1   0    
476  1   7   20  170    133.48  1   1   1   0    
477  1   7   21  178    133.48  1   1   1   0    
478  1   7   22  186    133.48  1   1   1   0    
479  1   7   23  194    133.48  1   1   1   0    
480  1   7   24  202    133.48  1   1   1   0    
481  1   7   25  210    133.48  1   1   1   0    
482  1   7   26  218    133.48  1   1   1   0    
483  1   7   27  226    133.48  1   1   1   0    
484  1   7   28  234    133.48  1   1   1   0    
485  1   7   29  242    133.48  1   1   1   0    
486  1   7   30  250    133.48  1   1   1   0    
487  1   7   31  258    133.48  1   1   1   0    
488  1   7   32  266    133.48  1   1   1   0    
489  1   7   33  274    133.48  1   1   1   0    
490  1   7   34  282    133.48  1   1   1   0    
491  1   7   35  290    133.48  1   1   1   0    
492  1   7   36  298    133.48  1   1   1   0    
493  1   7   37  306    133.48  1   1   1   0    
494  1   7   38  314    133.48  1   1   1   0    
495  2   7   39  330    133.48  1   1   1   0    
496  2   7   40  338    133.48  1   1   1   0    
497  2   7   41  346    133.48  1   1   1   0    
498  2   7   42  354    133.48  1   1   1   0    
499  2   7   43  362    133.48  1   1   1   0    
500  2   7   44  370    133.48  1   1   1   0    
501  2   7   45  378    133.48  1   1   1   0    
502  2   7   46  386    133.48  1   1   1   0    
503  2   7   47  394    133.48  1   1   1   0    
504  2   7   48  402    133.48  1   1   1   0    
505  2   7   49  410    133.48  1   1   1   0    
506  2   7   50  418    133.48  1   1   1   0    
507  2   7   51  426    133.48  1   1   1   0    
508  2   7   52  434    133.48  1   1   1   0    
509  2   7   53  442    133.48  1   1   1   0    
510  2   7   54  450    133.48  1   1   1   0    
511  2   7   55  458    133.48  1   1   1   0    
512  2   7   56  466    133.48  1   1   1   0    
513  2   7   57  474    133.48  1   1   1   0    
514  2   7   58  482    133.48  1   1   1   0    
515  2   7   59  490    133.48  1   1   1   0    
516  2   7   60  498    133.48  1   1   1   0    
517  2   7   61  506    133.48  1   1   1   0    
518  2   7   62  514    133.48  1   1   1   0    
519  2   7   63  522    133.48  1   1   1   0    
520  2   7   64  530    133.48  1   1   1   0    
521  2   7   65  538    133.48  1   1   1   0    
522  2   7   66  546    133.48  1   1   1   0    
523  2   7   67  554    133.48  1   1   1   0    
524  2   7   68  562    133.48  1   1   1   0    
525  2   7   69  570    133.48  1   1   1   0    
526  2   7   70  578    133.48  1   1   1   0    
527  2   7   71  586    133.48  1   1   1   0    
528  2   7   72  594    133.48  1   1   1   0    
529  2   7   73  602    133.48  1   1   1   0    
530  2   7   74  610    133.48  1   1   1   0    
531  2   7   75  618    133.48  1   1   1   0    
532  2   7   76  626    133.48  1   1   1   0    
533  1   8   1   18     151.75  1   1   1   0    
534  1   8   2   26     151.75  1   1   1   0    
535  1   8   3   34     151.75  1   1   1   0    
536  1   8   4   42     151.75  1   1   1   0    
537  1   8   5   50     151.75  1   1   1   0    
538  1   8   6   58     151.75  1   1   1   0    
539  1   8   7   66     151.75  1   1   1   0    
540  1   8   8   74     151.75  1   1   1   0    
541  1   8   9   82     151.75  1   1   1   0    
542  1   8   10  90     151.75  1   1   1   0    
543  1   8   11  98     151.75  1   1   1   0    
544  1   8   12  106    151.75  1   1   1   0    
545  1   8   13  114    151.75  1   1   1   0    
546  1   8   14  122    151.75  1   1   1   0    
547  1   8   15  130    151.75  1   1   1   0    
548  1   8   16  138    151.75  1   1   1   0    
549  1   8   17  146    151.75  1   1   1   0    
550  1   8   18  154    151.75  1   1   1   0    
551  1   8   19  162    151.75  1   1   1   0    
552  1   8   20  170    151.75  1   1   1   0    
553  1   8   21  178    151.75  1   1   1   0    
554  1   8   22  186    151.75  1   1   1   0    
555  1   8   23  194    151.75  1   1   1   0    
556  1   8   24  202    151.75  1   1   1   0    
557  1   8   25  210    151.75  1   1   1   0    
558  1   8   26  218    151.75  1   1   1   0    
559  1   8   27  226    151.75  1   1   1   0    
560  1   8   28  234    151.75  1   1   1   0    
561  1   8   29  242    151.75  1   1   1   0    
562  1   8   30  250    151.75  1   1   1   0    
563  1   8   31  258    151.75  1   1   1   0    
564  1   8   32  266    151.75  1   1   1   0    
565  1   8   33  274    151.75  1   1   1   0    
566  1   8   34  282    151.75  1   1   1   0    
567  1   8   35  290    151.75  1   1   1   0    
568  1   8   36  298    151.75  1   1   1   0    
569  1   8   37  306    151.75  1   1   1   0    
570  1   8   38  314    151.75  1   1   1   0    
571  2   8   39  330    151.75  1   1   1   0    
572  2   8   40  338    151.75  1   1   1   0    
573  2   8   41  346    151.75  1   1   1   0    
574  2   8   42  354    151.75  1   1   1   0    
575  2   8   43  362    151.75  1   1   1   0    
576  2   8   44  370    151.75  1   1   1   0    
577  2   8   45  378    151.75  1   1   1   0    
578  2   8   46  386    151.75  1   1   1   0    
579  2   8   47  394    151.75  1   1   1   0    
580  2   8   48  402    151.75  1   1   1   0    
581  2   8   49  410    151.75  1   1   1   0    
582  2   8   50  418    151.75  1   1   1   0    
583  2   8   51  426    151.75  1   1   1   0    
584  2   8   52  434    151.75  1   1   1   0    
585  2   8   53  442    151.75  1   1   1   0    
586  2   8   54  450    151.75  1   1   1   0    
587  2   8   55  458    151.75  1   1   1   0    
588  2   8   56  466    151.75  1   1   1   0    
589  2   8   57  474    151.75  1   1   1   0    
590  2   8   58  482    151.75  1   1   1   0    
591  2   8   59  490    151.75  1   1   1   0    
592  2   8   60  498    151.75  1   1   1   0    
593  2   8   61  506    151.75  1   1   1   0    
594  2   8   62  514    151.75  1   1   1   0    
595  2   8   63  522    151.75  1   1   1   0    
596  2   8   64  530    151.75  1   1   1   0    
597  2   8   65  538    151.75  1   1   1   0    
598  2   8   66  546    151.75  1   1   1   0    
599  2   8   67  554    151.75  1   1   1   0    
600  2   8   68  562    151.75  1   1   1   0    
601  2   8   69  570    151.75  1   1   1   0    
602  2   8   70  578    151.75  1   1   1   0    
603  2   8   71  586    151.75  1   1   1   0    
604  2   8   72  594    151.75  1   1   1   0    
605  2   8   73  602    151.75  1   1   1   0    
606  2   8   74  610    151.75  1   1   1   0    
607  2   8   75  618    151.75  1   1   1   0    
608  2   8   76  626    151.75  1   1   1   0    
609  1   9   1   18     170.02  1   1   1   0    
610  1   9   2   26     170.02  1   1   1   0    
611  1   9   3   34     170.02  1   1   1   0    
612  1   9   4   42     170.02  1   1   1   0    
613  1   9   5   50     170.02  1   1   1   0    
614  1   9   6   58     170.02  1   1   1   0    
615  1   9   7   66     170.02  1   1   1   0    
616  1   9   8   74     170.02  1   1   1   0    
617  1   9   9   82     170.02  1   1   1   0    
618  1   9   10  90     170.02  1   1   1   0    
619  1   9   11  98     170.02  1   1   1   0    
620  1   9   12  106    170.02  1   1   1   0    
621  1   9   13  114    170.02  1   1   1   0    
622  1   9   14  122    170.02  1   1   1   0    
623  1   9   15  130    170.02  1   1   1   0    
624  1   9   16  138    170.02  1   1   1   0    
625  1   9   17  146    170.02  1   1   1   0    
626  1   9   18  154    170.02  1   1   1   0    
627  1   9   19  162    170.02  1   1   1   0    
628  1   9   20  170    170.02  1   1   1   0    
629  1   9   21  178    170.02  1   1   1   0    
630  1   9   22  186    170.02  1   1   1   0    
631  1   9   23  194    170.02  1   1   1   0    
632  1   9   24  202    170.02  1   1   1   0    
633  1   9   25  210    170.02  1   1   1   0    
634  1   9   26  218    170.02  1   1   1   0    
635  1   9   27  226    170.02  1   1   1   0    
636  1   9   28  234    170.02  1   1   1   0    
637  1   9   29  242    170.02  1   1   1   0    
638  1   9   30  250    170.02  1   1   1   0    
639  1   9   31  258    170.02  1   1   1   0    
640  1   9   32  266    170.02  1   1   1   0    
641  1   9   33  274    170.02  1   1   1   0    
642  1   9   34  282    170.02  1   1   1   0    
643  1   9   35  290    170.02  1   1   1   0    
644  1   9   36  298    170.02  1   1   1   0    
645  1   9   37  306    170.02  1   1   1   0    
646  1   9   38  314    170.02  1   1   1   0    
647  2   9   39  330    170.02  1   1   1   0    
648  2   9   40  338    170.02  1   1   1   0    
649  2   9   41  346    170.02  1   1   1   0    
650  2   9   42  354    170.02  1   1   1   0    
651  2   9   43  362    170.02  1   1   1   0    
652  2   9   44  370    170.02  1   1   1   0    
653  2   9   45  378    170.02  1   1   1   0    
654  2   9   46  386    170.02  1   1   1   0    
655  2   9   47  394    170.02  1   1   1   0    
656  2   9   48  402    170.02  1   1   1   0    
657  2   9   49  410    170.02  1   1   1   0    
658  2   9   50  418    170.02  1   1   1   0    
659  2   9   51  426    170.02  1   1   1   0    
660  2   9   52  434    170.02  1   1   1   0    
661  2   9   53  442    170.02  1   1   1   0    
662  2   9   54  450    170.02  1   1   1   0    
663  2   9   55  458    170.02  1   1   1   0    
664  2   9   56  466    170.02  1   1   1   0    
665  2   9   57  474    170.02  1   1   1   0    
666  2   9   58  482    170.02  1   1   1   0    
667  2   9   59  490    170.02  1   1   1   0    
668  2   9   60  498    170.02  1   1   1   0    
669  2   9   61  506    170.02  1   1   1   0    
670  2   9   62  514    170.02  1   1   1   0    
671  2   9   63  522    170.02  1   1   1   0    
672  2   9   64  530    170.02  1   1   1   0    
673  2   9   65  538    170.02  1   1   1   0    
674  2   9   66  546    170.02  1   1   1   0    
675  2   9   67  554    170.02  1   1   1   0    
676  2   9   68  562    170.02  1   1   1   0    
677  2   9   69  570    170.02  1   1   1   0    
678  2   9   70  578    170.02  1   1   1   0    
679  2   9   71  586    170.02  1   1   1   0    
680  2   9   72  594    170.02  1   1   1   0    
681  2   9   73  602    170.02  1   1   1   0    
682  2   9   74  610    170.02  1   1   1   0    
683  2   9   75  618    170.02  1   1   1   0    
684  2   9   76  626    170.02  1   1   1   0    
685  1   10  1   18     188.29  1   1   1   0    
686  1   10  2   26     188.29  1   1   1   0    
687  1   10  3   34     188.29  1   1   1   0    
688  1   10  4   42     188.29  1   1   1   0    
689  1   10  5   50     188.29  1   1   1   0    
690  1   10  6   58     188.29  1   1   1   0    
691  1   10  7   66     188.29  1   1   1   0    
692  1   10  8   74     188.29  1   1   1   0    
693  1   10  9   82     188.29  1   1   1   0    
694  1   10  10  90     188.29  1   1   1   0    
695  1   10  11  98     188.29  1   1   1   0    
696  1   10  12  106    188.29  1   1   1   0    
697  1   10  13  114    188.29  1   1   1   0    
698  1   10  14  122    188.29  1   1   1   0    
699  1   10  15  130    188.29  1   1   1   0    
700  1   10  16  138    188.29  1   1   1   0    
701  1   10  17  146    188.29  1   1   1   0    
702  1   10  18  154    188.29  1   1   1   0    
703  1   10  19  162    188.29  1   1   1   0    
704  1   10  20  170    188.29  1   1   1   0    
705  1   10  21  178    188.29  1   1   1   0    
706  1   10  22  186    188.29  1   1   1   0    
707  1   10  23  194    188.29  1   1   1   0    
708  1   10  24  202    188.29  1   1   1   0    
709  1   10  25  210    188.29  1   1   1   0    
710  1   10  26  218    188.29  1   1   1   0    
711  1   10  27  226    188.29  1   1   1   0    
712  1   10  28  234    188.29  1   1   1   0    
713  1   10  29  242    188.29  1   1   1   0    
714  1   10  30  250    188.29  1   1   1   0    
715  1   10  31  258    188.29  1   1   1   0    
716  1   10  32  266    188.29  1   1   1   0    
717  1   10  33  274    188.29  1   1   1   0    
718  1   10  34  282    188.29  1   1   1   0    
719  1   10  35  290    188.29  1   1   1   0    
720  1   10  36  298    188.29  1   1   1   0    
721  1   10  37  306    188.29  1   1   1   0    
722  1   10  38  314    188.29  1   1   1   0    
723  2   10  39  330    188.29  1   1   1   0    
724  2   10  40  338    188.29  1   1   1   0    
725  2   10  41  346    188.29  1   1   1   0    
726  2   10  42  354    188.29  1   1   1   0    
727  2   10  43  362    188.29  1   1   1   0    
728  2   10  44  370    188.29  1   1   1   0    
729  2   10  45  378    188.29  1   1   1   0    
730  2   10  46  386    188.29  1   1   1   0    
731  2   10  47  394    188.29  1   1   1   0    
732  2   10  48  402    188.29  1   1   1   0    
733  2   10  49  410    188.29  1   1   1   0    
734  2   10  50  418    188.29  1   1   1   0    
735  2   10  51  426    188.29  1   1   1   0    
736  2   10  52  434    188.29  1   1   1   0    
737  2   10  53  442    188.29  1   1   1   0    
738  2   10  54  450    188.29  1   1   1   0    
739  2   10  55  458    188.29  1   1   1   0    
740  2   10  56  466    188.29  1   1   1   0    
741  2   10  57  474    188.29  1   1   1   0    
742  2   10  58  482    188.29  1   1   1   0    
743  2   10  59  490    188.29  1   1   1   0    
744  2   10  60  498    188.29  1   1   1   0    
745  2   10  61  506    188.29  1   1   1   0    
746  2   10  62  514    188.29  1   1   1   0    
747  2   10  63  522    188.29  1   1   1   0    
748  2   10  64  530    188.29  1   1   1   0    
749  2   10  65  538    188.29  1   1   1   0    
750  2   10  66  546    188.29  1   1   1   0    
751  2   10  67  554    188.29  1   1   1   0    
752  2   10  68  562    188.29  1   1   1   0    
753  2   10  69  570    188.29  1   1   1   0    
754  2   10  70  578    188.29  1   1   1   0    
755  2   10  71  586    188.29  1   1   1   0    
756  2   10  72  594    188.29  1   1   1   0    
757  2   10  73  602    188.29  1   1   1   0    
758  2   10  74  610    188.29  1   1   1   0    
759  2   10  75  618    188.29  1   1   1   0    
760  2   10  76  626    188.29  1   1   1   0    
761  1   11  1   18     206.56  1   1   1   0    
762  1   11  2   26     206.56  1   1   1   0    
763  1   11  3   34     206.56  1   1   1   0    
764  1   11  4   42     206.56  1   1   1   0    
765  1   11  5   50     206.56  1   1   1   0    
766  1   11  6   58     206.56  1   1   1   0    
767  1   11  7   66     206.56  1   1   1   0    
768  1   11  8   74     206.56  1   1   1   0    
769  1   11  9   82     206.56  1   1   1   0    
770  1   11  10  90     206.56  1   1   1   0    
771  1   11  11  98     206.56  1   1   1   0    
772  1   11  12  106    206.56  1   1   1   0    
773  1   11  13  114    206.56  1   1   1   0    
774  1   11  14  122    206.56  1   1   1   0    
775  1   11  15  130    206.56  1   1   1   0    
776  1   11  16  138    206.56  1   1   1   0    
777  1   11  17  146    206.56  1   1   1   0    
778  1   11  18  154    206.56  1   1   1   0    
779  1   11  19  162    206.56  1   1   1   0    
780  1   11  20  170    206.56  1   1   1   0    
781  1   11  21  178    206.56  1   1   1   0    
782  1   11  22  186    206.56  1   1   1   0    
783  1   11  23  194    206.56  1   1   1   0    
784  1   11  24  202    206.56  1   1   1   0    
785  1   11  25  210    206.56  1   1   1   0    
786  1   11  26  218    206.56  1   1   1   0    
787  1   11  27  226    206.56  1   1   1   0    
788  1   11  28  234    206.56  1   1   1   0    
789  1   11  29  242    206.56  1   1   1   0    
790  1   11  30  250    206.56  1   1   1   0    
791  1   11  31  258    206.56  1   1   1   0    
792  1   11  32  266    206.56  1   1   1   0    
793  1   11  33  274    206.56  1   1   1   0    
794  1   11  34  282    206.56  1   1   1   0    
795  1   11  35  290    206.56  1   1   1   0    
796  1   11  36  298    206.56  1   1   1   0    
797  1   11  37  306    206.56  1   1   1   0    
798  1   11  38  314    206.56  1   1   1   0    
799  2   11  39  330    206.56  1   1   1   0    
800  2   11  40  338    206.56  1   1   1   0    
801  2   11  41  346    206.56  1   1   1   0    
802  2   11  42  354    206.56  1   1   1   0    
803  2   11  43  362    206.56  1   1   1   0    
804  2   11  44  370    206.56  1   1   1   0    
805  2   11  45  378    206.56  1   1   1   0    
806  2   11  46  386    206.56  1   1   1   0    
807  2   11  47  394    206.56  1   1   1   0    
808  2   11  48  402    206.56  1   1   1   0    
809  2   11  49  410    206.56  1   1   1   0    
810  2   11  50  418    206.56  1   1   1   0    
811  2   11  51  426    206.56  1   1   1   0    
812  2   11  52  434    206.56  1   1   1   0    
813  2   11  53  442    206.56  1   1   1   0    
814  2   11  54  450    206.56  1   1   1   0    
815  2   11  55  458    206.56  1   1   1   0    
816  2   11  56  466    206.56  1   1   1   0    
817  2   11  57  474    206.56  1   1   1   0    
818  2   11  58  482    206.56  1   1   1   0    
819  2   11  59  490    206.56  1   1   1   0    
820  2   11  60  498    206.56  1   1   1   0    
821  2   11  61  506    206.56  1   1   1   0    
822  2   11  62  514    206.56  1   1   1   0    
823  2   11  63  522    206.56  1   1   1   0    
824  2   11  64  530    206.56  1   1   1   0    
825  2   11  65  538    206.56  1   1   1   0    
826  2   11  66  546    206.56  1   1   1   0    
827  2   11  67  554    206.56  1   1   1   0    
828  2   11  68  562    206.56  1   1   1   0    
829  2   11  69  570    206.56  1   1   1   0    
830  2   11  70  578    206.56  1   1   1   0    
831  2   11  71  586    206.56  1   1   1   0    
832  2   11  72  594    206.56  1   1   1   0    
833  2   11  73  602    206.56  1   1   1   0    
834  2   11  74  610    206.56  1   1   1   0    
835  2   11  75  618    206.56  1   1   1   0    
836  2   11  76  626    206.56  1   1   1   0    
837  1   12  1   18     224.83  1   1   1   0    
838  1   12  2   26     224.83  1   1   1   0    
839  1   12  3   34     224.83  1   1   1   0    
840  1   12  4   42     224.83  1   1   1   0    
841  1   12  5   50     224.83  1   1   1   0    
842  1   12  6   58     224.83  1   1   1   0    
843  1   12  7   66     224.83  1   1   1   0    
844  1   12  8   74     224.83  1   1   1   0    
845  1   12  9   82     224.83  1   1   1   0    
846  1   12  10  90     224.83  1   1   1   0    
847  1   12  11  98     224.83  1   1   1   0    
848  1   12  12  106    224.83  1   1   1   0    
849  1   12  13  114    224.83  1   1   1   0    
850  1   12  14  122    224.83  1   1   1   0    
851  1   12  15  130    224.83  1   1   1   0    
852  1   12  16  138    224.83  1   1   1   0    
853  1   12  17  146    224.83  1   1   1   0    
854  1   12  18  154    224.83  1   1   1   0    
855  1   12  19  162    224.83  1   1   1   0    
856  1   12  20  170    224.83  1   1   1   0    
857  1   12  21  178    224.83  1   1   1   0    
858  1   12  22  186    224.83  1   1   1   0    
859  1   12  23  194    224.83  1   1   1   0    
860  1   12  24  202    224.83  1   1   1   0    
861  1   12  25  210    224.83  1   1   1   0    
862  1   12  26  218    224.83  1   1   1   0    
863  1   12  27  226    224.83  1   1   1   0    
864  1   12  28  234    224.83  1   1   1   0    
865  1   12  29  242    224.83  1   1   1   0    
866  1   12  30  250    224.83  1   1   1   0    
867  1   12  31  258    224.83  1   1   1   0    
868  1   12  32  266    224.83  1   1   1   0    
869  1   12  33  274    224.83  1   1   1   0    
870  1   12  34  282    224.83  1   1   1   0    
871  1   12  35  290    224.83  1   1   1   0    
872  1   12  36  298    224.83  1   1   1   0    
873  1   12  37  306    224.83  1   1   1   0    
874  1   12  38  314    224.83  1   1   1   0    
875  2   12  39  330    224.83  1   1   1   0    
876  2   12  40  338    224.83  1   1   1   0    
877  2   12  41  346    224.83  1   1   1   0    
878  2   12  42  354    224.83  1   1   1   0    
879  2   12  43  362    224.83  1   1   1   0    
880  2   12  44  370    224.83  1   1   1   0    
881  2   12  45  378    224.83  1   1   1   0    
882  2   12  46  386    224.83  1   1   1   0    
883  2   12  47  394    224.83  1   1   1   0    
884  2   12  48  402    224.83  1   1   1   0    
885  2   12  49  410    224.83  1   1   1   0    
886  2   12  50  418    224.83  1   1   1   0    
887  2   12  51  426    224.83  1   1   1   0    
888  2   12  52  434    224.83  1   1   1   0    
889  2   12  53  442    224.83  1   1   1   0    
890  2   12  54  450    224.83  1   1   1   0    
891  2   12  55  458    224.83  1   1   1   0    
892  2   12  56  466    224.83  1   1   1   0    
893  2   12  57  474    224.83  1   1   1   0    
894  2   12  58  482    224.83  1   1   1   0    
895  2   12  59  490    224.83  1   1   1   0    
896  2   12  60  498    224.83  1   1   1   0    
897  2   12  61  506    224.83  1   1   1   0    
898  2   12  62  514    224.83  1   1   1   0    
899  2   12  63  522    224.83  1   1   1   0    
900  2   12  64  530    224.83  1   1   1   0    
901  2   12  65  538    224.83  1   1   1   0    
902  2   12  66  546    224.83  1   1   1   0    
903  2   12  67  554    224.83  1   1   1   0    
904  2   12  68  562    224.83  1   1   1   0    
905  2   12  69  570    224.83  1   1   1   0    
906  2   12  70  578    224.83  1   1   1   0    
907  2   12  71  586    224.83  1   1   1   0    
908  2   12  72  594    224.83  1   1   1   0    
909  2   12  73  602    224.83  1   1   1   0    
910  2   12  74  610    224.83  1   1   1   0    
911  2   12  75  618    224.83  1   1   1   0    
912  2   12  76  626    224.83  1   1   1   0    
913  1   13  1   18     243.1   1   1   1   0    
914  1   13  2   26     243.1   1   1   1   0    
915  1   13  3   34     243.1   1   1   1   0    
916  1   13  4   42     243.1   1   1   1   0    
917  1   13  5   50     243.1   1   1   1   0    
918  1   13  6   58     243.1   1   1   1   0    
919  1   13  7   66     243.1   1   1   1   0    
920  1   13  8   74     243.1   1   1   1   0    
921  1   13  9   82     243.1   1   1   1   0    
922  1   13  10  90     243.1   1   1   1   0    
923  1   13  11  98     243.1   1   1   1   0    
924  1   13  12  106    243.1   1   1   1   0    
925  1   13  13  114    243.1   1   1   1   0    
926  1   13  14  122    243.1   1   1   1   0    
927  1   13  15  130    243.1   1   1   1   0    
928  1   13  16  138    243.1   1   1   1   0    
929  1   13  17  146    243.1   1   1   1   0    
930  1   13  18  154    243.1   1   1   1   0    
931  1   13  19  162    243.1   1   1   1   0    
932  1   13  20  170    243.1   1   1   1   0    
933  1   13  21  178    243.1   1   1   1   0    
934  1   13  22  186    243.1   1   1   1   0    
935  1   13  23  194    243.1   1   1   1   0    
936  1   13  24  202    243.1   1   1   1   0    
937  1   13  25  210    243.1   1   1   1   0    
938  1   13  26  218    243.1   1   1   1   0    
939  1   13  27  226    243.1   1   1   1   0    
940  1   13  28  234    243.1   1   1   1   0    
941  1   13  29  242    243.1   1   1   1   0    
942  1   13  30  250    243.1   1   1   1   0    
943  1   13  31  258    243.1   1   1   1   0    
944  1   13  32  266    243.1   1   1   1   0    
945  1   13  33  274    243.1   1   1   1   0    
946  1   13  34  282    243.1   1   1   1   0    
947  1   13  35  290    243.1   1   1   1   0    
948  1   13  36  298    243.1   1   1   1   0    
949  1   13  37  306    243.1   1   1   1   0    
950  1   13  38  314    243.1   1   1   1   0    
951  2   13  39  330    243.1   1   1   1   0    
952  2   13  40  338    243.1   1   1   1   0    
953  2   13  41  346    243.1   1   1   1   0    
954  2   13  42  354    243.1   1   1   1   0    
955  2   13  43  362    243.1   1   1   1   0    
956  2   13  44  370    243.1   1   1   1   0    
957  2   13  45  378    243.1   1   1   1   0    
958  2   13  46  386    243.1   1   1   1   0    
959  2   13  47  394    243.1   1   1   1   0    
960  2   13  48  402    243.1   1   1   1   0    
961  2   13  49  410    243.1   1   1   1   0    
962  2   13  50  418    243.1   1   1   1   0    
963  2   13  51  426    243.1   1   1   1   0    
964  2   13  52  434    243.1   1   1   1   0    
965  2   13  53  442    243.1   1   1   1   0    
966  2   13  54  450    243.1   1   1   1   0    
967  2   13  55  458    243.1   1   1   1   0    
968  2   13  56  466    243.1   1   1   1   0    
969  2   13  57  474    243.1   1   1   1   0    
970  2   13  58  482    243.1   1   1   1   0    
971  2   13  59  490    243.1   1   1   1   0    
972  2   13  60  498    243.1   1   1   1   0    
973  2   13  61  506    243.1   1   1   1   0    
974  2   13  62  514    243.1   1   1   1   0    
975  2   13  63  522    243.1   1   1   1   0    
976  2   13  64  530    243.1   1   1   1   0    
977  2   13  65  538    243.1   1   1   1   0    
978  2   13  66  546    243.1   1   1   1   0    
979  2   13  67  554    243.1   1   1   1   0    
980  2   13  68  562    243.1   1   1   1   0    
981  2   13  69  570    243.1   1   1   1   0    
982  2   13  70  578    243.1   1   1   1   0    
983  2   13  71  586    243.1   1   1   1   0    
984  2   13  72  594    243.1   1   1   1   0    
985  2   13  73  602    243.1   1   1   1   0    
986  2   13  74  610    243.1   1   1   1   0    
987  2   13  75  618    243.1   1   1   1   0    
988  2   13  76  626    243.1   1   1   1   0    
989  1   14  1   18     261.37  1   1   1   0    
990  1   14  2   26     261.37  1   1   1   0    
991  1   14  3   34     261.37  1   1   1   0    
992  1   14  4   42     261.37  1   1   1   0    
993  1   14  5   50     261.37  1   1   1   0    
994  1   14  6   58     261.37  1   1   1   0    
995  1   14  7   66     261.37  1   1   1   0    
996  1   14  8   74     261.37  1   1   1   0    
997  1   14  9   82     261.37  1   1   1   0    
998  1   14  10  90     261.37  1   1   1   0    
999  1   14  11  98     261.37  1   1   1   0    
1000 1   14  12  106    261.37  1   1   1   0    
1001 1   14  13  114    261.37  1   1   1   0    
1002 1   14  14  122    261.37  1   1   1   0    
1003 1   14  15  130    261.37  1   1   1   0    
1004 1   14  16  138    261.37  1   1   1   0    
1005 1   14  17  146    261.37  1   1   1   0    
1006 1   14  18  154    261.37  1   1   1   0    
1007 1   14  19  162    261.37  1   1   1   0    
1008 1   14  20  170    261.37  1   1   1   0    
1009 1   14  21  178    261.37  1   1   1   0    
1010 1   14  22  186    261.37  1   1   1   0    
1011 1   14  23  194    261.37  1   1   1   0    
1012 1   14  24  202    261.37  1   1   1   0    
1013 1   14  25  210    261.37  1   1   1   0    
1014 1   14  26  218    261.37  1   1   1   0    
1015 1   14  27  226    261.37  1   1   1   0    
1016 1   14  28  234    261.37  1   1   1   0    
1017 1   14  29  242    261.37  1   1   1   0    
1018 1   14  30  250    261.37  1   1   1   0    
1019 1   14  31  258    261.37  1   1   1   0    
1020 1   14  32  266    261.37  1   1   1   0    
1021 1   14  33  274    261.37  1   1   1   0    
1022 1   14  34  282    261.37  1   1   1   0    
1023 1   14  35  290    261.37  1   1   1   0    
1024 1   14  36  298    261.37  1   1   1   0    
1025 1   14  37  306    261.37  1   1   1   0    
1026 1   14  38  314    261.37  1   1   1   0    
1027 2   14  39  330    261.37  1   1   1   0    
1028 2   14  40  338    261.37  1   1   1   0    
1029 2   14  41  346    261.37  1   1   1   0    
1030 2   14  42  354    261.37  1   1   1   0    
1031 2   14  43  362    261.37  1   1   1   0    
1032 2   14  44  370    261.37  1   1   1   0    
1033 2   14  45  378    261.37  1   1   1   0    
1034 2   14  46  386    261.37  1   1   1   0    
1035 2   14  47  394    261.37  1   1   1   0    
1036 2   14  48  402    261.37  1   1   1   0    
1037 2   14  49  410    261.37  1   1   1   0    
1038 2   14  50  418    261.37  1   1   1   0    
1039 2   14  51  426    261.37  1   1   1   0    
1040 2   14  52  434    261.37  1   1   1   0    
1041 2   14  53  442    261.37  1   1   1   0    
1042 2   14  54  450    261.37  1   1   1   0    
1043 2   14  55  458    261.37  1   1   1   0    
1044 2   14  56  466    261.37  1   1   1   0    
1045 2   14  57  474    261.37  1   1   1   0    
1046 2   14  58  482    261.37  1   1   1   0    
1047 2   14  59  490    261.37  1   1   1   0    
1048 2   14  60  498    261.37  1   1   1   0    
1049 2   14  61  506    261.37  1   1   1   0    
1050 2   14  62  514    261.37  1   1   1   0    
1051 2   14  63  522    261.37  1   1   1   0    
1052 2   14  64  530    261.37  1   1   1   0    
1053 2   14  65  538    261.37  1   1   1   0    
1054 2   14  66  546    261.37  1   1   1   0    
1055 2   14  67  554    261.37  1   1   1   0    
1056 2   14  68  562    261.37  1   1   1   0    
1057 2   14  69  570    261.37  1   1   1   0    
1058 2   14  70  578    261.37  1   1   1   0    
1059 2   14  71  586    261.37  1   1   1   0    
1060 2   14  72  594    261.37  1   1   1   0    
1061 2   14  73  602    261.37  1   1   1   0    
1062 2   14  74  610    261.37  1   1   1   0    
1063 2   14  75  618    261.37  1   1   1   0    
1064 2   14  76  626    261.37  1   1   1   0    
1065 1   15  1   18     279.64  1   1   1   0    
1066 1   15  2   26     279.64  1   1   1   0    
1067 1   15  3   34     279.64  1   1   1   0    
1068 1   15  4   42     279.64  1   1   1   0    
1069 1   15  5   50     279.64  1   1   1   0    
1070 1   15  6   58     279.64  1   1   1   0    
1071 1   15  7   66     279.64  1   1   1   0    
1072 1   15  8   74     279.64  1   1   1   0    
1073 1   15  9   82     279.64  1   1   1   0    
1074 1   15  10  90     279.64  1   1   1   0    
1075 1   15  11  98     279.64  1   1   1   0    
1076 1   15  12  106    279.64  1   1   1   0    
1077 1   15  13  114    279.64  1   1   1   0    
1078 1   15  14  122    279.64  1   1   1   0    
1079 1   15  15  130    279.64  1   1   1   0    
1080 1   15  16  138    279.64  1   1   1   0    
1081 1   15  17  146    279.64  1   1   1   0    
1082 1   15  18  154    279.64  1   1   1   0    
1083 1   15  19  162    279.64  1   1   1   0    
1084 1   15  20  170    279.64  1   1   1   0    
1085 1   15  21  178    279.64  1   1   1   0    
1086 1   15  22  186    279.64  1   1   1   0    
1087 1   15  23  194    279.64  1   1   1   0    
1088 1   15  24  202    279.64  1   1   1   0    
1089 1   15  25  210    279.64  1   1   1   0    
1090 1   15  26  218    279.64  1   1   1   0    
1091 1   15  27  226    279.64  1   1   1   0    
1092 1   15  28  234    279.64  1   1   1   0    
1093 1   15  29  242    279.64  1   1   1   0    
1094 1   15  30  250    279.64  1   1   1   0    
1095 1   15  31  258    279.64  1   1   1   0    
1096 1   15  32  266    279.64  1   1   1   0    
1097 1   15  33  274    279.64  1   1   1   0    
1098 1   15  34  282    279.64  1   1   1   0    
1099 1   15  35  290    279.64  1   1   1   0    
1100 1   15  36  298    279.64  1   1   1   0    
1101 1   15  37  306    279.64  1   1   1   0    
1102 1   15  38  314    279.64  1   1   1   0    
1103 2   15  39  330    279.64  1   1   1   0    
1104 2   15  40  338    279.64  1   1   1   0    
1105 2   15  41  346    279.64  1   1   1   0    
1106 2   15  42  354    279.64  1   1   1   0    
1107 2   15  43  362    279.64  1   1   1   0    
1108 2   15  44  370    279.64  1   1   1   0    
1109 2   15  45  378    279.64  1   1   1   0    
1110 2   15  46  386    279.64  1   1   1   0    
1111 2   15  47  394    279.64  1   1   1   0    
1112 2   15  48  402    279.64  1   1   1   0    
1113 2   15  49  410    279.64  1   1   1   0    
1114 2   15  50  418    279.64  1   1   1   0    
1115 2   15  51  426    279.64  1   1   1   0    
1116 2   15  52  434    279.64  1   1   1   0    
1117 2   15  53  442    279.64  1   1   1   0    
1118 2   15  54  450    279.64  1   1   1   0    
1119 2   15  55  458    279.64  1   1   1   0    
1120 2   15  56  466    279.64  1   1   1   0    
1121 2   15  57  474    279.64  1   1   1   0    
1122 2   15  58  482    279.64  1   1   1   0    
1123 2   15  59  490    279.64  1   1   1   0    
1124 2   15  60  498    279.64  1   1   1   0    
1125 2   15  61  506    279.64  1   1   1   0    
1126 2   15  62  514    279.64  1   1   1   0    
1127 2   15  63  522    279.64  1   1   1   0    
1128 2   15  64  530    279.64  1   1   1   0    
1129 2   15  65  538    279.64  1   1   1   0    
1130 2   15  66  546    279.64  1   1   1   0    
1131 2   15  67  554    279.64  1   1   1   0    
1132 2   15  68  562    279.64  1   1   1   0    
1133 2   15  69  570    279.64  1   1   1   0    
1134 2   15  70  578    279.64  1   1   1   0    
1135 2   15  71  586    279.64  1   1   1   0    
1136 2   15  72  594    279.64  1   1   1   0    
1137 2   15  73  602    279.64  1   1   1   0    
1138 2   15  74  610    279.64  1   1   1   0    
1139 2   15  75  618    279.64  1   1   1   0    
1140 2   15  76  626    279.64  1   1   1   0    