Number of robot passes: 
570

No Area Row Col.  X      Y     Put FGr Take Angle

1    1   1   1   18.2   24.56   1   1   1   0    
2    1   1   2   26.2   24.56   1   1   1   0    
3    1   1   3   34.2   24.56   1   1   1   0    
4    1   1   4   42.2   24.56   1   1   1   0    
5    1   1   5   50.2   24.56   1   1   1   0    
6    1   1   6   58.2   24.56   1   1   1   0    
7    1   1   7   66.2   24.56   1   1   1   0    
8    1   1   8   74.2   24.56   1   1   1   0    
9    1   1   9   82.2   24.56   1   1   1   0    
10   1   1   10  90.2   24.56   1   1   1   0    
11   1   1   11  98.2   24.56   1   1   1   0    
12   1   1   12  106.2  24.56   1   1   1   0    
13   1   1   13  114.2  24.56   1   1   1   0    
14   1   1   14  122.2  24.56   1   1   1   0    
15   1   1   15  130.2  24.56   1   1   1   0    
16   1   1   16  138.2  24.56   1   1   1   0    
17   1   1   17  146.2  24.56   1   1   1   0    
18   1   1   18  154.2  24.56   1   1   1   0    
19   1   1   19  162.2  24.56   1   1   1   0    
20   2   1   20  178.2  24.56   1   1   1   0    
21   2   1   21  186.2  24.56   1   1   1   0    
22   2   1   22  194.2  24.56   1   1   1   0    
23   2   1   23  202.2  24.56   1   1   1   0    
24   2   1   24  210.2  24.56   1   1   1   0    
25   2   1   25  218.2  24.56   1   1   1   0    
26   2   1   26  226.2  24.56   1   1   1   0    
27   2   1   27  234.2  24.56   1   1   1   0    
28   2   1   28  242.2  24.56   1   1   1   0    
29   2   1   29  250.2  24.56   1   1   1   0    
30   2   1   30  258.2  24.56   1   1   1   0    
31   2   1   31  266.2  24.56   1   1   1   0    
32   2   1   32  274.2  24.56   1   1   1   0    
33   2   1   33  282.2  24.56   1   1   1   0    
34   2   1   34  290.2  24.56   1   1   1   0    
35   2   1   35  298.2  24.56   1   1   1   0    
36   2   1   36  306.2  24.56   1   1   1   0    
37   2   1   37  314.2  24.56   1   1   1   0    
38   2   1   38  322.2  24.56   1   1   1   0    
39   1   2   1   18.2   42.83   1   1   1   0    
40   1   2   2   26.2   42.83   1   1   1   0    
41   1   2   3   34.2   42.83   1   1   1   0    
42   1   2   4   42.2   42.83   1   1   1   0    
43   1   2   5   50.2   42.83   1   1   1   0    
44   1   2   6   58.2   42.83   1   1   1   0    
45   1   2   7   66.2   42.83   1   1   1   0    
46   1   2   8   74.2   42.83   1   1   1   0    
47   1   2   9   82.2   42.83   1   1   1   0    
48   1   2   10  90.2   42.83   1   1   1   0    
49   1   2   11  98.2   42.83   1   1   1   0    
50   1   2   12  106.2  42.83   1   1   1   0    
51   1   2   13  114.2  42.83   1   1   1   0    
52   1   2   14  122.2  42.83   1   1   1   0    
53   1   2   15  130.2  42.83   1   1   1   0    
54   1   2   16  138.2  42.83   1   1   1   0    
55   1   2   17  146.2  42.83   1   1   1   0    
56   1   2   18  154.2  42.83   1   1   1   0    
57   1   2   19  162.2  42.83   1   1   1   0    
58   2   2   20  178.2  42.83   1   1   1   0    
59   2   2   21  186.2  42.83   1   1   1   0    
60   2   2   22  194.2  42.83   1   1   1   0    
61   2   2   23  202.2  42.83   1   1   1   0    
62   2   2   24  210.2  42.83   1   1   1   0    
63   2   2   25  218.2  42.83   1   1   1   0    
64   2   2   26  226.2  42.83   1   1   1   0    
65   2   2   27  234.2  42.83   1   1   1   0    
66   2   2   28  242.2  42.83   1   1   1   0    
67   2   2   29  250.2  42.83   1   1   1   0    
68   2   2   30  258.2  42.83   1   1   1   0    
69   2   2   31  266.2  42.83   1   1   1   0    
70   2   2   32  274.2  42.83   1   1   1   0    
71   2   2   33  282.2  42.83   1   1   1   0    
72   2   2   34  290.2  42.83   1   1   1   0    
73   2   2   35  298.2  42.83   1   1   1   0    
74   2   2   36  306.2  42.83   1   1   1   0    
75   2   2   37  314.2  42.83   1   1   1   0    
76   2   2   38  322.2  42.83   1   1   1   0    
77   1   3   1   18.2   61.11   1   1   1   0    
78   1   3   2   26.2   61.11   1   1   1   0    
79   1   3   3   34.2   61.11   1   1   1   0    
80   1   3   4   42.2   61.11   1   1   1   0    
81   1   3   5   50.2   61.11   1   1   1   0    
82   1   3   6   58.2   61.11   1   1   1   0    
83   1   3   7   66.2   61.11   1   1   1   0    
84   1   3   8   74.2   61.11   1   1   1   0    
85   1   3   9   82.2   61.11   1   1   1   0    
86   1   3   10  90.2   61.11   1   1   1   0    
87   1   3   11  98.2   61.11   1   1   1   0    
88   1   3   12  106.2  61.11   1   1   1   0    
89   1   3   13  114.2  61.11   1   1   1   0    
90   1   3   14  122.2  61.11   1   1   1   0    
91   1   3   15  130.2  61.11   1   1   1   0    
92   1   3   16  138.2  61.11   1   1   1   0    
93   1   3   17  146.2  61.11   1   1   1   0    
94   1   3   18  154.2  61.11   1   1   1   0    
95   1   3   19  162.2  61.11   1   1   1   0    
96   2   3   20  178.2  61.11   1   1   1   0    
97   2   3   21  186.2  61.11   1   1   1   0    
98   2   3   22  194.2  61.11   1   1   1   0    
99   2   3   23  202.2  61.11   1   1   1   0    
100  2   3   24  210.2  61.11   1   1   1   0    
101  2   3   25  218.2  61.11   1   1   1   0    
102  2   3   26  226.2  61.11   1   1   1   0    
103  2   3   27  234.2  61.11   1   1   1   0    
104  2   3   28  242.2  61.11   1   1   1   0    
105  2   3   29  250.2  61.11   1   1   1   0    
106  2   3   30  258.2  61.11   1   1   1   0    
107  2   3   31  266.2  61.11   1   1   1   0    
108  2   3   32  274.2  61.11   1   1   1   0    
109  2   3   33  282.2  61.11   1   1   1   0    
110  2   3   34  290.2  61.11   1   1   1   0    
111  2   3   35  298.2  61.11   1   1   1   0    
112  2   3   36  306.2  61.11   1   1   1   0    
113  2   3   37  314.2  61.11   1   1   1   0    
114  2   3   38  322.2  61.11   1   1   1   0    
115  1   4   1   18.2   79.38   1   1   1   0    
116  1   4   2   26.2   79.38   1   1   1   0    
117  1   4   3   34.2   79.38   1   1   1   0    
118  1   4   4   42.2   79.38   1   1   1   0    
119  1   4   5   50.2   79.38   1   1   1   0    
120  1   4   6   58.2   79.38   1   1   1   0    
121  1   4   7   66.2   79.38   1   1   1   0    
122  1   4   8   74.2   79.38   1   1   1   0    
123  1   4   9   82.2   79.38   1   1   1   0    
124  1   4   10  90.2   79.38   1   1   1   0    
125  1   4   11  98.2   79.38   1   1   1   0    
126  1   4   12  106.2  79.38   1   1   1   0    
127  1   4   13  114.2  79.38   1   1   1   0    
128  1   4   14  122.2  79.38   1   1   1   0    
129  1   4   15  130.2  79.38   1   1   1   0    
130  1   4   16  138.2  79.38   1   1   1   0    
131  1   4   17  146.2  79.38   1   1   1   0    
132  1   4   18  154.2  79.38   1   1   1   0    
133  1   4   19  162.2  79.38   1   1   1   0    
134  2   4   20  178.2  79.38   1   1   1   0    
135  2   4   21  186.2  79.38   1   1   1   0    
136  2   4   22  194.2  79.38   1   1   1   0    
137  2   4   23  202.2  79.38   1   1   1   0    
138  2   4   24  210.2  79.38   1   1   1   0    
139  2   4   25  218.2  79.38   1   1   1   0    
140  2   4   26  226.2  79.38   1   1   1   0    
141  2   4   27  234.2  79.38   1   1   1   0    
142  2   4   28  242.2  79.38   1   1   1   0    
143  2   4   29  250.2  79.38   1   1   1   0    
144  2   4   30  258.2  79.38   1   1   1   0    
145  2   4   31  266.2  79.38   1   1   1   0    
146  2   4   32  274.2  79.38   1   1   1   0    
147  2   4   33  282.2  79.38   1   1   1   0    
148  2   4   34  290.2  79.38   1   1   1   0    
149  2   4   35  298.2  79.38   1   1   1   0    
150  2   4   36  306.2  79.38   1   1   1   0    
151  2   4   37  314.2  79.38   1   1   1   0    
152  2   4   38  322.2  79.38   1   1   1   0    
153  1   5   1   18.2   97.66   1   1   1   0    
154  1   5   2   26.2   97.66   1   1   1   0    
155  1   5   3   34.2   97.66   1   1   1   0    
156  1   5   4   42.2   97.66   1   1   1   0    
157  1   5   5   50.2   97.66   1   1   1   0    
158  1   5   6   58.2   97.66   1   1   1   0    
159  1   5   7   66.2   97.66   1   1   1   0    
160  1   5   8   74.2   97.66   1   1   1   0    
161  1   5   9   82.2   97.66   1   1   1   0    
162  1   5   10  90.2   97.66   1   1   1   0    
163  1   5   11  98.2   97.66   1   1   1   0    
164  1   5   12  106.2  97.66   1   1   1   0    
165  1   5   13  114.2  97.66   1   1   1   0    
166  1   5   14  122.2  97.66   1   1   1   0    
167  1   5   15  130.2  97.66   1   1   1   0    
168  1   5   16  138.2  97.66   1   1   1   0    
169  1   5   17  146.2  97.66   1   1   1   0    
170  1   5   18  154.2  97.66   1   1   1   0    
171  1   5   19  162.2  97.66   1   1   1   0    
172  2   5   20  178.2  97.66   1   1   1   0    
173  2   5   21  186.2  97.66   1   1   1   0    
174  2   5   22  194.2  97.66   1   1   1   0    
175  2   5   23  202.2  97.66   1   1   1   0    
176  2   5   24  210.2  97.66   1   1   1   0    
177  2   5   25  218.2  97.66   1   1   1   0    
178  2   5   26  226.2  97.66   1   1   1   0    
179  2   5   27  234.2  97.66   1   1   1   0    
180  2   5   28  242.2  97.66   1   1   1   0    
181  2   5   29  250.2  97.66   1   1   1   0    
182  2   5   30  258.2  97.66   1   1   1   0    
183  2   5   31  266.2  97.66   1   1   1   0    
184  2   5   32  274.2  97.66   1   1   1   0    
185  2   5   33  282.2  97.66   1   1   1   0    
186  2   5   34  290.2  97.66   1   1   1   0    
187  2   5   35  298.2  97.66   1   1   1   0    
188  2   5   36  306.2  97.66   1   1   1   0    
189  2   5   37  314.2  97.66   1   1   1   0    
190  2   5   38  322.2  97.66   1   1   1   0    
191  1   6   1   18.2   115.93  1   1   1   0    
192  1   6   2   26.2   115.93  1   1   1   0    
193  1   6   3   34.2   115.93  1   1   1   0    
194  1   6   4   42.2   115.93  1   1   1   0    
195  1   6   5   50.2   115.93  1   1   1   0    
196  1   6   6   58.2   115.93  1   1   1   0    
197  1   6   7   66.2   115.93  1   1   1   0    
198  1   6   8   74.2   115.93  1   1   1   0    
199  1   6   9   82.2   115.93  1   1   1   0    
200  1   6   10  90.2   115.93  1   1   1   0    
201  1   6   11  98.2   115.93  1   1   1   0    
202  1   6   12  106.2  115.93  1   1   1   0    
203  1   6   13  114.2  115.93  1   1   1   0    
204  1   6   14  122.2  115.93  1   1   1   0    
205  1   6   15  130.2  115.93  1   1   1   0    
206  1   6   16  138.2  115.93  1   1   1   0    
207  1   6   17  146.2  115.93  1   1   1   0    
208  1   6   18  154.2  115.93  1   1   1   0    
209  1   6   19  162.2  115.93  1   1   1   0    
210  2   6   20  178.2  115.93  1   1   1   0    
211  2   6   21  186.2  115.93  1   1   1   0    
212  2   6   22  194.2  115.93  1   1   1   0    
213  2   6   23  202.2  115.93  1   1   1   0    
214  2   6   24  210.2  115.93  1   1   1   0    
215  2   6   25  218.2  115.93  1   1   1   0    
216  2   6   26  226.2  115.93  1   1   1   0    
217  2   6   27  234.2  115.93  1   1   1   0    
218  2   6   28  242.2  115.93  1   1   1   0    
219  2   6   29  250.2  115.93  1   1   1   0    
220  2   6   30  258.2  115.93  1   1   1   0    
221  2   6   31  266.2  115.93  1   1   1   0    
222  2   6   32  274.2  115.93  1   1   1   0    
223  2   6   33  282.2  115.93  1   1   1   0    
224  2   6   34  290.2  115.93  1   1   1   0    
225  2   6   35  298.2  115.93  1   1   1   0    
226  2   6   36  306.2  115.93  1   1   1   0    
227  2   6   37  314.2  115.93  1   1   1   0    
228  2   6   38  322.2  115.93  1   1   1   0    
229  1   7   1   18.2   134.21  1   1   1   0    
230  1   7   2   26.2   134.21  1   1   1   0    
231  1   7   3   34.2   134.21  1   1   1   0    
232  1   7   4   42.2   134.21  1   1   1   0    
233  1   7   5   50.2   134.21  1   1   1   0    
234  1   7   6   58.2   134.21  1   1   1   0    
235  1   7   7   66.2   134.21  1   1   1   0    
236  1   7   8   74.2   134.21  1   1   1   0    
237  1   7   9   82.2   134.21  1   1   1   0    
238  1   7   10  90.2   134.21  1   1   1   0    
239  1   7   11  98.2   134.21  1   1   1   0    
240  1   7   12  106.2  134.21  1   1   1   0    
241  1   7   13  114.2  134.21  1   1   1   0    
242  1   7   14  122.2  134.21  1   1   1   0    
243  1   7   15  130.2  134.21  1   1   1   0    
244  1   7   16  138.2  134.21  1   1   1   0    
245  1   7   17  146.2  134.21  1   1   1   0    
246  1   7   18  154.2  134.21  1   1   1   0    
247  1   7   19  162.2  134.21  1   1   1   0    
248  2   7   20  178.2  134.21  1   1   1   0    
249  2   7   21  186.2  134.21  1   1   1   0    
250  2   7   22  194.2  134.21  1   1   1   0    
251  2   7   23  202.2  134.21  1   1   1   0    
252  2   7   24  210.2  134.21  1   1   1   0    
253  2   7   25  218.2  134.21  1   1   1   0    
254  2   7   26  226.2  134.21  1   1   1   0    
255  2   7   27  234.2  134.21  1   1   1   0    
256  2   7   28  242.2  134.21  1   1   1   0    
257  2   7   29  250.2  134.21  1   1   1   0    
258  2   7   30  258.2  134.21  1   1   1   0    
259  2   7   31  266.2  134.21  1   1   1   0    
260  2   7   32  274.2  134.21  1   1   1   0    
261  2   7   33  282.2  134.21  1   1   1   0    
262  2   7   34  290.2  134.21  1   1   1   0    
263  2   7   35  298.2  134.21  1   1   1   0    
264  2   7   36  306.2  134.21  1   1   1   0    
265  2   7   37  314.2  134.21  1   1   1   0    
266  2   7   38  322.2  134.21  1   1   1   0    
267  1   8   1   18.2   152.48  1   1   1   0    
268  1   8   2   26.2   152.48  1   1   1   0    
269  1   8   3   34.2   152.48  1   1   1   0    
270  1   8   4   42.2   152.48  1   1   1   0    
271  1   8   5   50.2   152.48  1   1   1   0    
272  1   8   6   58.2   152.48  1   1   1   0    
273  1   8   7   66.2   152.48  1   1   1   0    
274  1   8   8   74.2   152.48  1   1   1   0    
275  1   8   9   82.2   152.48  1   1   1   0    
276  1   8   10  90.2   152.48  1   1   1   0    
277  1   8   11  98.2   152.48  1   1   1   0    
278  1   8   12  106.2  152.48  1   1   1   0    
279  1   8   13  114.2  152.48  1   1   1   0    
280  1   8   14  122.2  152.48  1   1   1   0    
281  1   8   15  130.2  152.48  1   1   1   0    
282  1   8   16  138.2  152.48  1   1   1   0    
283  1   8   17  146.2  152.48  1   1   1   0    
284  1   8   18  154.2  152.48  1   1   1   0    
285  1   8   19  162.2  152.48  1   1   1   0    
286  2   8   20  178.2  152.48  1   1   1   0    
287  2   8   21  186.2  152.48  1   1   1   0    
288  2   8   22  194.2  152.48  1   1   1   0    
289  2   8   23  202.2  152.48  1   1   1   0    
290  2   8   24  210.2  152.48  1   1   1   0    
291  2   8   25  218.2  152.48  1   1   1   0    
292  2   8   26  226.2  152.48  1   1   1   0    
293  2   8   27  234.2  152.48  1   1   1   0    
294  2   8   28  242.2  152.48  1   1   1   0    
295  2   8   29  250.2  152.48  1   1   1   0    
296  2   8   30  258.2  152.48  1   1   1   0    
297  2   8   31  266.2  152.48  1   1   1   0    
298  2   8   32  274.2  152.48  1   1   1   0    
299  2   8   33  282.2  152.48  1   1   1   0    
300  2   8   34  290.2  152.48  1   1   1   0    
301  2   8   35  298.2  152.48  1   1   1   0    
302  2   8   36  306.2  152.48  1   1   1   0    
303  2   8   37  314.2  152.48  1   1   1   0    
304  2   8   38  322.2  152.48  1   1   1   0    
305  1   9   1   18.2   170.76  1   1   1   0    
306  1   9   2   26.2   170.76  1   1   1   0    
307  1   9   3   34.2   170.76  1   1   1   0    
308  1   9   4   42.2   170.76  1   1   1   0    
309  1   9   5   50.2   170.76  1   1   1   0    
310  1   9   6   58.2   170.76  1   1   1   0    
311  1   9   7   66.2   170.76  1   1   1   0    
312  1   9   8   74.2   170.76  1   1   1   0    
313  1   9   9   82.2   170.76  1   1   1   0    
314  1   9   10  90.2   170.76  1   1   1   0    
315  1   9   11  98.2   170.76  1   1   1   0    
316  1   9   12  106.2  170.76  1   1   1   0    
317  1   9   13  114.2  170.76  1   1   1   0    
318  1   9   14  122.2  170.76  1   1   1   0    
319  1   9   15  130.2  170.76  1   1   1   0    
320  1   9   16  138.2  170.76  1   1   1   0    
321  1   9   17  146.2  170.76  1   1   1   0    
322  1   9   18  154.2  170.76  1   1   1   0    
323  1   9   19  162.2  170.76  1   1   1   0    
324  2   9   20  178.2  170.76  1   1   1   0    
325  2   9   21  186.2  170.76  1   1   1   0    
326  2   9   22  194.2  170.76  1   1   1   0    
327  2   9   23  202.2  170.76  1   1   1   0    
328  2   9   24  210.2  170.76  1   1   1   0    
329  2   9   25  218.2  170.76  1   1   1   0    
330  2   9   26  226.2  170.76  1   1   1   0    
331  2   9   27  234.2  170.76  1   1   1   0    
332  2   9   28  242.2  170.76  1   1   1   0    
333  2   9   29  250.2  170.76  1   1   1   0    
334  2   9   30  258.2  170.76  1   1   1   0    
335  2   9   31  266.2  170.76  1   1   1   0    
336  2   9   32  274.2  170.76  1   1   1   0    
337  2   9   33  282.2  170.76  1   1   1   0    
338  2   9   34  290.2  170.76  1   1   1   0    
339  2   9   35  298.2  170.76  1   1   1   0    
340  2   9   36  306.2  170.76  1   1   1   0    
341  2   9   37  314.2  170.76  1   1   1   0    
342  2   9   38  322.2  170.76  1   1   1   0    
343  1   10  1   18.2   189.04  1   1   1   0    
344  1   10  2   26.2   189.04  1   1   1   0    
345  1   10  3   34.2   189.04  1   1   1   0    
346  1   10  4   42.2   189.04  1   1   1   0    
347  1   10  5   50.2   189.04  1   1   1   0    
348  1   10  6   58.2   189.04  1   1   1   0    
349  1   10  7   66.2   189.04  1   1   1   0    
350  1   10  8   74.2   189.04  1   1   1   0    
351  1   10  9   82.2   189.04  1   1   1   0    
352  1   10  10  90.2   189.04  1   1   1   0    
353  1   10  11  98.2   189.04  1   1   1   0    
354  1   10  12  106.2  189.04  1   1   1   0    
355  1   10  13  114.2  189.04  1   1   1   0    
356  1   10  14  122.2  189.04  1   1   1   0    
357  1   10  15  130.2  189.04  1   1   1   0    
358  1   10  16  138.2  189.04  1   1   1   0    
359  1   10  17  146.2  189.04  1   1   1   0    
360  1   10  18  154.2  189.04  1   1   1   0    
361  1   10  19  162.2  189.04  1   1   1   0    
362  2   10  20  178.2  189.04  1   1   1   0    
363  2   10  21  186.2  189.04  1   1   1   0    
364  2   10  22  194.2  189.04  1   1   1   0    
365  2   10  23  202.2  189.04  1   1   1   0    
366  2   10  24  210.2  189.04  1   1   1   0    
367  2   10  25  218.2  189.04  1   1   1   0    
368  2   10  26  226.2  189.04  1   1   1   0    
369  2   10  27  234.2  189.04  1   1   1   0    
370  2   10  28  242.2  189.04  1   1   1   0    
371  2   10  29  250.2  189.04  1   1   1   0    
372  2   10  30  258.2  189.04  1   1   1   0    
373  2   10  31  266.2  189.04  1   1   1   0    
374  2   10  32  274.2  189.04  1   1   1   0    
375  2   10  33  282.2  189.04  1   1   1   0    
376  2   10  34  290.2  189.04  1   1   1   0    
377  2   10  35  298.2  189.04  1   1   1   0    
378  2   10  36  306.2  189.04  1   1   1   0    
379  2   10  37  314.2  189.04  1   1   1   0    
380  2   10  38  322.2  189.04  1   1   1   0    
381  1   11  1   18.2   207.31  1   1   1   0    
382  1   11  2   26.2   207.31  1   1   1   0    
383  1   11  3   34.2   207.31  1   1   1   0    
384  1   11  4   42.2   207.31  1   1   1   0    
385  1   11  5   50.2   207.31  1   1   1   0    
386  1   11  6   58.2   207.31  1   1   1   0    
387  1   11  7   66.2   207.31  1   1   1   0    
388  1   11  8   74.2   207.31  1   1   1   0    
389  1   11  9   82.2   207.31  1   1   1   0    
390  1   11  10  90.2   207.31  1   1   1   0    
391  1   11  11  98.2   207.31  1   1   1   0    
392  1   11  12  106.2  207.31  1   1   1   0    
393  1   11  13  114.2  207.31  1   1   1   0    
394  1   11  14  122.2  207.31  1   1   1   0    
395  1   11  15  130.2  207.31  1   1   1   0    
396  1   11  16  138.2  207.31  1   1   1   0    
397  1   11  17  146.2  207.31  1   1   1   0    
398  1   11  18  154.2  207.31  1   1   1   0    
399  1   11  19  162.2  207.31  1   1   1   0    
400  2   11  20  178.2  207.31  1   1   1   0    
401  2   11  21  186.2  207.31  1   1   1   0    
402  2   11  22  194.2  207.31  1   1   1   0    
403  2   11  23  202.2  207.31  1   1   1   0    
404  2   11  24  210.2  207.31  1   1   1   0    
405  2   11  25  218.2  207.31  1   1   1   0    
406  2   11  26  226.2  207.31  1   1   1   0    
407  2   11  27  234.2  207.31  1   1   1   0    
408  2   11  28  242.2  207.31  1   1   1   0    
409  2   11  29  250.2  207.31  1   1   1   0    
410  2   11  30  258.2  207.31  1   1   1   0    
411  2   11  31  266.2  207.31  1   1   1   0    
412  2   11  32  274.2  207.31  1   1   1   0    
413  2   11  33  282.2  207.31  1   1   1   0    
414  2   11  34  290.2  207.31  1   1   1   0    
415  2   11  35  298.2  207.31  1   1   1   0    
416  2   11  36  306.2  207.31  1   1   1   0    
417  2   11  37  314.2  207.31  1   1   1   0    
418  2   11  38  322.2  207.31  1   1   1   0    
419  1   12  1   18.2   225.58  1   1   1   0    
420  1   12  2   26.2   225.58  1   1   1   0    
421  1   12  3   34.2   225.58  1   1   1   0    
422  1   12  4   42.2   225.58  1   1   1   0    
423  1   12  5   50.2   225.58  1   1   1   0    
424  1   12  6   58.2   225.58  1   1   1   0    
425  1   12  7   66.2   225.58  1   1   1   0    
426  1   12  8   74.2   225.58  1   1   1   0    
427  1   12  9   82.2   225.58  1   1   1   0    
428  1   12  10  90.2   225.58  1   1   1   0    
429  1   12  11  98.2   225.58  1   1   1   0    
430  1   12  12  106.2  225.58  1   1   1   0    
431  1   12  13  114.2  225.58  1   1   1   0    
432  1   12  14  122.2  225.58  1   1   1   0    
433  1   12  15  130.2  225.58  1   1   1   0    
434  1   12  16  138.2  225.58  1   1   1   0    
435  1   12  17  146.2  225.58  1   1   1   0    
436  1   12  18  154.2  225.58  1   1   1   0    
437  1   12  19  162.2  225.58  1   1   1   0    
438  2   12  20  178.2  225.58  1   1   1   0    
439  2   12  21  186.2  225.58  1   1   1   0    
440  2   12  22  194.2  225.58  1   1   1   0    
441  2   12  23  202.2  225.58  1   1   1   0    
442  2   12  24  210.2  225.58  1   1   1   0    
443  2   12  25  218.2  225.58  1   1   1   0    
444  2   12  26  226.2  225.58  1   1   1   0    
445  2   12  27  234.2  225.58  1   1   1   0    
446  2   12  28  242.2  225.58  1   1   1   0    
447  2   12  29  250.2  225.58  1   1   1   0    
448  2   12  30  258.2  225.58  1   1   1   0    
449  2   12  31  266.2  225.58  1   1   1   0    
450  2   12  32  274.2  225.58  1   1   1   0    
451  2   12  33  282.2  225.58  1   1   1   0    
452  2   12  34  290.2  225.58  1   1   1   0    
453  2   12  35  298.2  225.58  1   1   1   0    
454  2   12  36  306.2  225.58  1   1   1   0    
455  2   12  37  314.2  225.58  1   1   1   0    
456  2   12  38  322.2  225.58  1   1   1   0    
457  1   13  1   18.2   243.86  1   1   1   0    
458  1   13  2   26.2   243.86  1   1   1   0    
459  1   13  3   34.2   243.86  1   1   1   0    
460  1   13  4   42.2   243.86  1   1   1   0    
461  1   13  5   50.2   243.86  1   1   1   0    
462  1   13  6   58.2   243.86  1   1   1   0    
463  1   13  7   66.2   243.86  1   1   1   0    
464  1   13  8   74.2   243.86  1   1   1   0    
465  1   13  9   82.2   243.86  1   1   1   0    
466  1   13  10  90.2   243.86  1   1   1   0    
467  1   13  11  98.2   243.86  1   1   1   0    
468  1   13  12  106.2  243.86  1   1   1   0    
469  1   13  13  114.2  243.86  1   1   1   0    
470  1   13  14  122.2  243.86  1   1   1   0    
471  1   13  15  130.2  243.86  1   1   1   0    
472  1   13  16  138.2  243.86  1   1   1   0    
473  1   13  17  146.2  243.86  1   1   1   0    
474  1   13  18  154.2  243.86  1   1   1   0    
475  1   13  19  162.2  243.86  1   1   1   0    
476  2   13  20  178.2  243.86  1   1   1   0    
477  2   13  21  186.2  243.86  1   1   1   0    
478  2   13  22  194.2  243.86  1   1   1   0    
479  2   13  23  202.2  243.86  1   1   1   0    
480  2   13  24  210.2  243.86  1   1   1   0    
481  2   13  25  218.2  243.86  1   1   1   0    
482  2   13  26  226.2  243.86  1   1   1   0    
483  2   13  27  234.2  243.86  1   1   1   0    
484  2   13  28  242.2  243.86  1   1   1   0    
485  2   13  29  250.2  243.86  1   1   1   0    
486  2   13  30  258.2  243.86  1   1   1   0    
487  2   13  31  266.2  243.86  1   1   1   0    
488  2   13  32  274.2  243.86  1   1   1   0    
489  2   13  33  282.2  243.86  1   1   1   0    
490  2   13  34  290.2  243.86  1   1   1   0    
491  2   13  35  298.2  243.86  1   1   1   0    
492  2   13  36  306.2  243.86  1   1   1   0    
493  2   13  37  314.2  243.86  1   1   1   0    
494  2   13  38  322.2  243.86  1   1   1   0    
495  1   14  1   18.2   262.14  1   1   1   0    
496  1   14  2   26.2   262.14  1   1   1   0    
497  1   14  3   34.2   262.14  1   1   1   0    
498  1   14  4   42.2   262.14  1   1   1   0    
499  1   14  5   50.2   262.14  1   1   1   0    
500  1   14  6   58.2   262.14  1   1   1   0    
501  1   14  7   66.2   262.14  1   1   1   0    
502  1   14  8   74.2   262.14  1   1   1   0    
503  1   14  9   82.2   262.14  1   1   1   0    
504  1   14  10  90.2   262.14  1   1   1   0    
505  1   14  11  98.2   262.14  1   1   1   0    
506  1   14  12  106.2  262.14  1   1   1   0    
507  1   14  13  114.2  262.14  1   1   1   0    
508  1   14  14  122.2  262.14  1   1   1   0    
509  1   14  15  130.2  262.14  1   1   1   0    
510  1   14  16  138.2  262.14  1   1   1   0    
511  1   14  17  146.2  262.14  1   1   1   0    
512  1   14  18  154.2  262.14  1   1   1   0    
513  1   14  19  162.2  262.14  1   1   1   0    
514  2   14  20  178.2  262.14  1   1   1   0    
515  2   14  21  186.2  262.14  1   1   1   0    
516  2   14  22  194.2  262.14  1   1   1   0    
517  2   14  23  202.2  262.14  1   1   1   0    
518  2   14  24  210.2  262.14  1   1   1   0    
519  2   14  25  218.2  262.14  1   1   1   0    
520  2   14  26  226.2  262.14  1   1   1   0    
521  2   14  27  234.2  262.14  1   1   1   0    
522  2   14  28  242.2  262.14  1   1   1   0    
523  2   14  29  250.2  262.14  1   1   1   0    
524  2   14  30  258.2  262.14  1   1   1   0    
525  2   14  31  266.2  262.14  1   1   1   0    
526  2   14  32  274.2  262.14  1   1   1   0    
527  2   14  33  282.2  262.14  1   1   1   0    
528  2   14  34  290.2  262.14  1   1   1   0    
529  2   14  35  298.2  262.14  1   1   1   0    
530  2   14  36  306.2  262.14  1   1   1   0    
531  2   14  37  314.2  262.14  1   1   1   0    
532  2   14  38  322.2  262.14  1   1   1   0    
533  1   15  1   18.2   280.41  1   1   1   0    
534  1   15  2   26.2   280.41  1   1   1   0    
535  1   15  3   34.2   280.41  1   1   1   0    
536  1   15  4   42.2   280.41  1   1   1   0    
537  1   15  5   50.2   280.41  1   1   1   0    
538  1   15  6   58.2   280.41  1   1   1   0    
539  1   15  7   66.2   280.41  1   1   1   0    
540  1   15  8   74.2   280.41  1   1   1   0    
541  1   15  9   82.2   280.41  1   1   1   0    
542  1   15  10  90.2   280.41  1   1   1   0    
543  1   15  11  98.2   280.41  1   1   1   0    
544  1   15  12  106.2  280.41  1   1   1   0    
545  1   15  13  114.2  280.41  1   1   1   0    
546  1   15  14  122.2  280.41  1   1   1   0    
547  1   15  15  130.2  280.41  1   1   1   0    
548  1   15  16  138.2  280.41  1   1   1   0    
549  1   15  17  146.2  280.41  1   1   1   0    
550  1   15  18  154.2  280.41  1   1   1   0    
551  1   15  19  162.2  280.41  1   1   1   0    
552  2   15  20  178.2  280.41  1   1   1   0    
553  2   15  21  186.2  280.41  1   1   1   0    
554  2   15  22  194.2  280.41  1   1   1   0    
555  2   15  23  202.2  280.41  1   1   1   0    
556  2   15  24  210.2  280.41  1   1   1   0    
557  2   15  25  218.2  280.41  1   1   1   0    
558  2   15  26  226.2  280.41  1   1   1   0    
559  2   15  27  234.2  280.41  1   1   1   0    
560  2   15  28  242.2  280.41  1   1   1   0    
561  2   15  29  250.2  280.41  1   1   1   0    
562  2   15  30  258.2  280.41  1   1   1   0    
563  2   15  31  266.2  280.41  1   1   1   0    
564  2   15  32  274.2  280.41  1   1   1   0    
565  2   15  33  282.2  280.41  1   1   1   0    
566  2   15  34  290.2  280.41  1   1   1   0    
567  2   15  35  298.2  280.41  1   1   1   0    
568  2   15  36  306.2  280.41  1   1   1   0    
569  2   15  37  314.2  280.41  1   1   1   0    
570  2   15  38  322.2  280.41  1   1   1   0    