Number of robot passes: 
270

No Area Row Col.  X      Y     Put FGr Take Angle

1    1   1   1   22.5   24      1   1   1   0    
2    1   1   2   37.5   24      1   1   1   0    
3    1   1   3   52.5   24      1   1   1   0    
4    1   1   4   67.5   24      1   1   1   0    
5    1   1   5   82.5   24      1   1   1   0    
6    1   1   6   97.5   24      1   1   1   0    
7    1   1   7   112.5  24      1   1   1   0    
8    1   1   8   127.5  24      1   1   1   0    
9    1   1   9   142.5  24      1   1   1   0    
10   2   1   10  180.5  24      1   1   1   0    
11   2   1   11  195.5  24      1   1   1   0    
12   2   1   12  210.5  24      1   1   1   0    
13   2   1   13  225.5  24      1   1   1   0    
14   2   1   14  240.5  24      1   1   1   0    
15   2   1   15  255.5  24      1   1   1   0    
16   2   1   16  270.5  24      1   1   1   0    
17   2   1   17  285.5  24      1   1   1   0    
18   2   1   18  300.5  24      1   1   1   0    
19   1   2   1   22.5   42      1   1   1   0    
20   1   2   2   37.5   42      1   1   1   0    
21   1   2   3   52.5   42      1   1   1   0    
22   1   2   4   67.5   42      1   1   1   0    
23   1   2   5   82.5   42      1   1   1   0    
24   1   2   6   97.5   42      1   1   1   0    
25   1   2   7   112.5  42      1   1   1   0    
26   1   2   8   127.5  42      1   1   1   0    
27   1   2   9   142.5  42      1   1   1   0    
28   2   2   10  180.5  42      1   1   1   0    
29   2   2   11  195.5  42      1   1   1   0    
30   2   2   12  210.5  42      1   1   1   0    
31   2   2   13  225.5  42      1   1   1   0    
32   2   2   14  240.5  42      1   1   1   0    
33   2   2   15  255.5  42      1   1   1   0    
34   2   2   16  270.5  42      1   1   1   0    
35   2   2   17  285.5  42      1   1   1   0    
36   2   2   18  300.5  42      1   1   1   0    
37   1   3   1   22.5   60      1   1   1   0    
38   1   3   2   37.5   60      1   1   1   0    
39   1   3   3   52.5   60      1   1   1   0    
40   1   3   4   67.5   60      1   1   1   0    
41   1   3   5   82.5   60      1   1   1   0    
42   1   3   6   97.5   60      1   1   1   0    
43   1   3   7   112.5  60      1   1   1   0    
44   1   3   8   127.5  60      1   1   1   0    
45   1   3   9   142.5  60      1   1   1   0    
46   2   3   10  180.5  60      1   1   1   0    
47   2   3   11  195.5  60      1   1   1   0    
48   2   3   12  210.5  60      1   1   1   0    
49   2   3   13  225.5  60      1   1   1   0    
50   2   3   14  240.5  60      1   1   1   0    
51   2   3   15  255.5  60      1   1   1   0    
52   2   3   16  270.5  60      1   1   1   0    
53   2   3   17  285.5  60      1   1   1   0    
54   2   3   18  300.5  60      1   1   1   0    
55   1   4   1   22.5   78      1   1   1   0    
56   1   4   2   37.5   78      1   1   1   0    
57   1   4   3   52.5   78      1   1   1   0    
58   1   4   4   67.5   78      1   1   1   0    
59   1   4   5   82.5   78      1   1   1   0    
60   1   4   6   97.5   78      1   1   1   0    
61   1   4   7   112.5  78      1   1   1   0    
62   1   4   8   127.5  78      1   1   1   0    
63   1   4   9   142.5  78      1   1   1   0    
64   2   4   10  180.5  78      1   1   1   0    
65   2   4   11  195.5  78      1   1   1   0    
66   2   4   12  210.5  78      1   1   1   0    
67   2   4   13  225.5  78      1   1   1   0    
68   2   4   14  240.5  78      1   1   1   0    
69   2   4   15  255.5  78      1   1   1   0    
70   2   4   16  270.5  78      1   1   1   0    
71   2   4   17  285.5  78      1   1   1   0    
72   2   4   18  300.5  78      1   1   1   0    
73   1   5   1   22.5   96      1   1   1   0    
74   1   5   2   37.5   96      1   1   1   0    
75   1   5   3   52.5   96      1   1   1   0    
76   1   5   4   67.5   96      1   1   1   0    
77   1   5   5   82.5   96      1   1   1   0    
78   1   5   6   97.5   96      1   1   1   0    
79   1   5   7   112.5  96      1   1   1   0    
80   1   5   8   127.5  96      1   1   1   0    
81   1   5   9   142.5  96      1   1   1   0    
82   2   5   10  180.5  96      1   1   1   0    
83   2   5   11  195.5  96      1   1   1   0    
84   2   5   12  210.5  96      1   1   1   0    
85   2   5   13  225.5  96      1   1   1   0    
86   2   5   14  240.5  96      1   1   1   0    
87   2   5   15  255.5  96      1   1   1   0    
88   2   5   16  270.5  96      1   1   1   0    
89   2   5   17  285.5  96      1   1   1   0    
90   2   5   18  300.5  96      1   1   1   0    
91   1   6   1   22.5   114     1   1   1   0    
92   1   6   2   37.5   114     1   1   1   0    
93   1   6   3   52.5   114     1   1   1   0    
94   1   6   4   67.5   114     1   1   1   0    
95   1   6   5   82.5   114     1   1   1   0    
96   1   6   6   97.5   114     1   1   1   0    
97   1   6   7   112.5  114     1   1   1   0    
98   1   6   8   127.5  114     1   1   1   0    
99   1   6   9   142.5  114     1   1   1   0    
100  2   6   10  180.5  114     1   1   1   0    
101  2   6   11  195.5  114     1   1   1   0    
102  2   6   12  210.5  114     1   1   1   0    
103  2   6   13  225.5  114     1   1   1   0    
104  2   6   14  240.5  114     1   1   1   0    
105  2   6   15  255.5  114     1   1   1   0    
106  2   6   16  270.5  114     1   1   1   0    
107  2   6   17  285.5  114     1   1   1   0    
108  2   6   18  300.5  114     1   1   1   0    
109  1   7   1   22.5   132     1   1   1   0    
110  1   7   2   37.5   132     1   1   1   0    
111  1   7   3   52.5   132     1   1   1   0    
112  1   7   4   67.5   132     1   1   1   0    
113  1   7   5   82.5   132     1   1   1   0    
114  1   7   6   97.5   132     1   1   1   0    
115  1   7   7   112.5  132     1   1   1   0    
116  1   7   8   127.5  132     1   1   1   0    
117  1   7   9   142.5  132     1   1   1   0    
118  2   7   10  180.5  132     1   1   1   0    
119  2   7   11  195.5  132     1   1   1   0    
120  2   7   12  210.5  132     1   1   1   0    
121  2   7   13  225.5  132     1   1   1   0    
122  2   7   14  240.5  132     1   1   1   0    
123  2   7   15  255.5  132     1   1   1   0    
124  2   7   16  270.5  132     1   1   1   0    
125  2   7   17  285.5  132     1   1   1   0    
126  2   7   18  300.5  132     1   1   1   0    
127  1   8   1   22.5   150     1   1   1   0    
128  1   8   2   37.5   150     1   1   1   0    
129  1   8   3   52.5   150     1   1   1   0    
130  1   8   4   67.5   150     1   1   1   0    
131  1   8   5   82.5   150     1   1   1   0    
132  1   8   6   97.5   150     1   1   1   0    
133  1   8   7   112.5  150     1   1   1   0    
134  1   8   8   127.5  150     1   1   1   0    
135  1   8   9   142.5  150     1   1   1   0    
136  2   8   10  180.5  150     1   1   1   0    
137  2   8   11  195.5  150     1   1   1   0    
138  2   8   12  210.5  150     1   1   1   0    
139  2   8   13  225.5  150     1   1   1   0    
140  2   8   14  240.5  150     1   1   1   0    
141  2   8   15  255.5  150     1   1   1   0    
142  2   8   16  270.5  150     1   1   1   0    
143  2   8   17  285.5  150     1   1   1   0    
144  2   8   18  300.5  150     1   1   1   0    
145  1   9   1   22.5   168     1   1   1   0    
146  1   9   2   37.5   168     1   1   1   0    
147  1   9   3   52.5   168     1   1   1   0    
148  1   9   4   67.5   168     1   1   1   0    
149  1   9   5   82.5   168     1   1   1   0    
150  1   9   6   97.5   168     1   1   1   0    
151  1   9   7   112.5  168     1   1   1   0    
152  1   9   8   127.5  168     1   1   1   0    
153  1   9   9   142.5  168     1   1   1   0    
154  2   9   10  180.5  168     1   1   1   0    
155  2   9   11  195.5  168     1   1   1   0    
156  2   9   12  210.5  168     1   1   1   0    
157  2   9   13  225.5  168     1   1   1   0    
158  2   9   14  240.5  168     1   1   1   0    
159  2   9   15  255.5  168     1   1   1   0    
160  2   9   16  270.5  168     1   1   1   0    
161  2   9   17  285.5  168     1   1   1   0    
162  2   9   18  300.5  168     1   1   1   0    
163  1   10  1   22.5   186     1   1   1   0    
164  1   10  2   37.5   186     1   1   1   0    
165  1   10  3   52.5   186     1   1   1   0    
166  1   10  4   67.5   186     1   1   1   0    
167  1   10  5   82.5   186     1   1   1   0    
168  1   10  6   97.5   186     1   1   1   0    
169  1   10  7   112.5  186     1   1   1   0    
170  1   10  8   127.5  186     1   1   1   0    
171  1   10  9   142.5  186     1   1   1   0    
172  2   10  10  180.5  186     1   1   1   0    
173  2   10  11  195.5  186     1   1   1   0    
174  2   10  12  210.5  186     1   1   1   0    
175  2   10  13  225.5  186     1   1   1   0    
176  2   10  14  240.5  186     1   1   1   0    
177  2   10  15  255.5  186     1   1   1   0    
178  2   10  16  270.5  186     1   1   1   0    
179  2   10  17  285.5  186     1   1   1   0    
180  2   10  18  300.5  186     1   1   1   0    
181  1   11  1   22.5   204     1   1   1   0    
182  1   11  2   37.5   204     1   1   1   0    
183  1   11  3   52.5   204     1   1   1   0    
184  1   11  4   67.5   204     1   1   1   0    
185  1   11  5   82.5   204     1   1   1   0    
186  1   11  6   97.5   204     1   1   1   0    
187  1   11  7   112.5  204     1   1   1   0    
188  1   11  8   127.5  204     1   1   1   0    
189  1   11  9   142.5  204     1   1   1   0    
190  2   11  10  180.5  204     1   1   1   0    
191  2   11  11  195.5  204     1   1   1   0    
192  2   11  12  210.5  204     1   1   1   0    
193  2   11  13  225.5  204     1   1   1   0    
194  2   11  14  240.5  204     1   1   1   0    
195  2   11  15  255.5  204     1   1   1   0    
196  2   11  16  270.5  204     1   1   1   0    
197  2   11  17  285.5  204     1   1   1   0    
198  2   11  18  300.5  204     1   1   1   0    
199  1   12  1   22.5   222     1   1   1   0    
200  1   12  2   37.5   222     1   1   1   0    
201  1   12  3   52.5   222     1   1   1   0    
202  1   12  4   67.5   222     1   1   1   0    
203  1   12  5   82.5   222     1   1   1   0    
204  1   12  6   97.5   222     1   1   1   0    
205  1   12  7   112.5  222     1   1   1   0    
206  1   12  8   127.5  222     1   1   1   0    
207  1   12  9   142.5  222     1   1   1   0    
208  2   12  10  180.5  222     1   1   1   0    
209  2   12  11  195.5  222     1   1   1   0    
210  2   12  12  210.5  222     1   1   1   0    
211  2   12  13  225.5  222     1   1   1   0    
212  2   12  14  240.5  222     1   1   1   0    
213  2   12  15  255.5  222     1   1   1   0    
214  2   12  16  270.5  222     1   1   1   0    
215  2   12  17  285.5  222     1   1   1   0    
216  2   12  18  300.5  222     1   1   1   0    
217  1   13  1   22.5   240     1   1   1   0    
218  1   13  2   37.5   240     1   1   1   0    
219  1   13  3   52.5   240     1   1   1   0    
220  1   13  4   67.5   240     1   1   1   0    
221  1   13  5   82.5   240     1   1   1   0    
222  1   13  6   97.5   240     1   1   1   0    
223  1   13  7   112.5  240     1   1   1   0    
224  1   13  8   127.5  240     1   1   1   0    
225  1   13  9   142.5  240     1   1   1   0    
226  2   13  10  180.5  240     1   1   1   0    
227  2   13  11  195.5  240     1   1   1   0    
228  2   13  12  210.5  240     1   1   1   0    
229  2   13  13  225.5  240     1   1   1   0    
230  2   13  14  240.5  240     1   1   1   0    
231  2   13  15  255.5  240     1   1   1   0    
232  2   13  16  270.5  240     1   1   1   0    
233  2   13  17  285.5  240     1   1   1   0    
234  2   13  18  300.5  240     1   1   1   0    
235  1   14  1   22.5   258     1   1   1   0    
236  1   14  2   37.5   258     1   1   1   0    
237  1   14  3   52.5   258     1   1   1   0    
238  1   14  4   67.5   258     1   1   1   0    
239  1   14  5   82.5   258     1   1   1   0    
240  1   14  6   97.5   258     1   1   1   0    
241  1   14  7   112.5  258     1   1   1   0    
242  1   14  8   127.5  258     1   1   1   0    
243  1   14  9   142.5  258     1   1   1   0    
244  2   14  10  180.5  258     1   1   1   0    
245  2   14  11  195.5  258     1   1   1   0    
246  2   14  12  210.5  258     1   1   1   0    
247  2   14  13  225.5  258     1   1   1   0    
248  2   14  14  240.5  258     1   1   1   0    
249  2   14  15  255.5  258     1   1   1   0    
250  2   14  16  270.5  258     1   1   1   0    
251  2   14  17  285.5  258     1   1   1   0    
252  2   14  18  300.5  258     1   1   1   0    
253  1   15  1   22.5   276     1   1   1   0    
254  1   15  2   37.5   276     1   1   1   0    
255  1   15  3   52.5   276     1   1   1   0    
256  1   15  4   67.5   276     1   1   1   0    
257  1   15  5   82.5   276     1   1   1   0    
258  1   15  6   97.5   276     1   1   1   0    
259  1   15  7   112.5  276     1   1   1   0    
260  1   15  8   127.5  276     1   1   1   0    
261  1   15  9   142.5  276     1   1   1   0    
262  2   15  10  180.5  276     1   1   1   0    
263  2   15  11  195.5  276     1   1   1   0    
264  2   15  12  210.5  276     1   1   1   0    
265  2   15  13  225.5  276     1   1   1   0    
266  2   15  14  240.5  276     1   1   1   0    
267  2   15  15  255.5  276     1   1   1   0    
268  2   15  16  270.5  276     1   1   1   0    
269  2   15  17  285.5  276     1   1   1   0    
270  2   15  18  300.5  276     1   1   1   0    