Number of robot passes: 
396

No Area Row Col.  X      Y     Put FGr Take Angle

1    1   1   1   0.0  0.0   1   1   1   0    
2    1   1   2   340  0   1   1   1   0    
3    1   1   3   0  305   1   1   1   0    
4    1   1   4   340  305   1   1   1   0  
1    1   1   1   0.0  0.0   1   1   1   0
1    1   1   1   5  5   1   1   1   0
1    1   1   1   10  10   1   1   1   0
1    1   1   1   15  15   1   1   1   0
1    1   1   1   20  20   1   1   1   0
1    1   1   1   25  25   1   1   1   0
1    1   1   1   30  30   1   1   1   0
1    1   1   1   35  35   1   1   1   0
1    1   1   1   40  40   1   1   1   0
1    1   1   1   45  45   1   1   1   0
1    1   1   1   50  50   1   1   1   0
 
