Number of robot passes: 
221

No Area Row Col.  X      Y     Put FGr Take Angle

1    1   1   1   22.92  29.83   1   1   1   0    
2    1   1   2   47.08  29.83   1   1   1   0    
3    1   1   3   71.24  29.83   1   1   1   0    
4    1   1   4   95.4   29.83   1   1   1   0    
5    1   1   5   119.56 29.83   1   1   1   0    
6    1   1   6   143.72 29.83   1   1   1   0    
7    1   1   7   167.88 29.83   1   1   1   0    
8    1   1   8   192.04 29.83   1   1   1   0    
9    1   1   9   216.2  29.83   1   1   1   0    
10   1   1   10  240.36 29.83   1   1   1   0    
11   1   1   11  264.52 29.83   1   1   1   0    
12   1   1   12  288.68 29.83   1   1   1   0    
13   1   1   13  312.84 29.83   1   1   1   0    
14   1   2   1   22.92  45.17   1   1   1   0    
15   1   2   2   47.08  45.17   1   1   1   0    
16   1   2   3   71.24  45.17   1   1   1   0    
17   1   2   4   95.4   45.17   1   1   1   0    
18   1   2   5   119.56 45.17   1   1   1   0    
19   1   2   6   143.72 45.17   1   1   1   0    
20   1   2   7   167.88 45.17   1   1   1   0    
21   1   2   8   192.04 45.17   1   1   1   0    
22   1   2   9   216.2  45.17   1   1   1   0    
23   1   2   10  240.36 45.17   1   1   1   0    
24   1   2   11  264.52 45.17   1   1   1   0    
25   1   2   12  288.68 45.17   1   1   1   0    
26   1   2   13  312.84 45.17   1   1   1   0    
27   1   3   1   22.92  60.51   1   1   1   0    
28   1   3   2   47.08  60.51   1   1   1   0    
29   1   3   3   71.24  60.51   1   1   1   0    
30   1   3   4   95.4   60.51   1   1   1   0    
31   1   3   5   119.56 60.51   1   1   1   0    
32   1   3   6   143.72 60.51   1   1   1   0    
33   1   3   7   167.88 60.51   1   1   1   0    
34   1   3   8   192.04 60.51   1   1   1   0    
35   1   3   9   216.2  60.51   1   1   1   0    
36   1   3   10  240.36 60.51   1   1   1   0    
37   1   3   11  264.52 60.51   1   1   1   0    
38   1   3   12  288.68 60.51   1   1   1   0    
39   1   3   13  312.84 60.51   1   1   1   0    
40   1   4   1   22.92  75.85   1   1   1   0    
41   1   4   2   47.08  75.85   1   1   1   0    
42   1   4   3   71.24  75.85   1   1   1   0    
43   1   4   4   95.4   75.85   1   1   1   0    
44   1   4   5   119.56 75.85   1   1   1   0    
45   1   4   6   143.72 75.85   1   1   1   0    
46   1   4   7   167.88 75.85   1   1   1   0    
47   1   4   8   192.04 75.85   1   1   1   0    
48   1   4   9   216.2  75.85   1   1   1   0    
49   1   4   10  240.36 75.85   1   1   1   0    
50   1   4   11  264.52 75.85   1   1   1   0    
51   1   4   12  288.68 75.85   1   1   1   0    
52   1   4   13  312.84 75.85   1   1   1   0    
53   1   5   1   22.92  91.19   1   1   1   0    
54   1   5   2   47.08  91.19   1   1   1   0    
55   1   5   3   71.24  91.19   1   1   1   0    
56   1   5   4   95.4   91.19   1   1   1   0    
57   1   5   5   119.56 91.19   1   1   1   0    
58   1   5   6   143.72 91.19   1   1   1   0    
59   1   5   7   167.88 91.19   1   1   1   0    
60   1   5   8   192.04 91.19   1   1   1   0    
61   1   5   9   216.2  91.19   1   1   1   0    
62   1   5   10  240.36 91.19   1   1   1   0    
63   1   5   11  264.52 91.19   1   1   1   0    
64   1   5   12  288.68 91.19   1   1   1   0    
65   1   5   13  312.84 91.19   1   1   1   0    
66   1   6   1   22.92  106.53  1   1   1   0    
67   1   6   2   47.08  106.53  1   1   1   0    
68   1   6   3   71.24  106.53  1   1   1   0    
69   1   6   4   95.4   106.53  1   1   1   0    
70   1   6   5   119.56 106.53  1   1   1   0    
71   1   6   6   143.72 106.53  1   1   1   0    
72   1   6   7   167.88 106.53  1   1   1   0    
73   1   6   8   192.04 106.53  1   1   1   0    
74   1   6   9   216.2  106.53  1   1   1   0    
75   1   6   10  240.36 106.53  1   1   1   0    
76   1   6   11  264.52 106.53  1   1   1   0    
77   1   6   12  288.68 106.53  1   1   1   0    
78   1   6   13  312.84 106.53  1   1   1   0    
79   1   7   1   22.92  121.87  1   1   1   0    
80   1   7   2   47.08  121.87  1   1   1   0    
81   1   7   3   71.24  121.87  1   1   1   0    
82   1   7   4   95.4   121.87  1   1   1   0    
83   1   7   5   119.56 121.87  1   1   1   0    
84   1   7   6   143.72 121.87  1   1   1   0    
85   1   7   7   167.88 121.87  1   1   1   0    
86   1   7   8   192.04 121.87  1   1   1   0    
87   1   7   9   216.2  121.87  1   1   1   0    
88   1   7   10  240.36 121.87  1   1   1   0    
89   1   7   11  264.52 121.87  1   1   1   0    
90   1   7   12  288.68 121.87  1   1   1   0    
91   1   7   13  312.84 121.87  1   1   1   0    
92   1   8   1   22.92  137.21  1   1   1   0    
93   1   8   2   47.08  137.21  1   1   1   0    
94   1   8   3   71.24  137.21  1   1   1   0    
95   1   8   4   95.4   137.21  1   1   1   0    
96   1   8   5   119.56 137.21  1   1   1   0    
97   1   8   6   143.72 137.21  1   1   1   0    
98   1   8   7   167.88 137.21  1   1   1   0    
99   1   8   8   192.04 137.21  1   1   1   0    
100  1   8   9   216.2  137.21  1   1   1   0    
101  1   8   10  240.36 137.21  1   1   1   0    
102  1   8   11  264.52 137.21  1   1   1   0    
103  1   8   12  288.68 137.21  1   1   1   0    
104  1   8   13  312.84 137.21  1   1   1   0    
105  1   9   1   22.92  152.55  1   1   1   0    
106  1   9   2   47.08  152.55  1   1   1   0    
107  1   9   3   71.24  152.55  1   1   1   0    
108  1   9   4   95.4   152.55  1   1   1   0    
109  1   9   5   119.56 152.55  1   1   1   0    
110  1   9   6   143.72 152.55  1   1   1   0    
111  1   9   7   167.88 152.55  1   1   1   0    
112  1   9   8   192.04 152.55  1   1   1   0    
113  1   9   9   216.2  152.55  1   1   1   0    
114  1   9   10  240.36 152.55  1   1   1   0    
115  1   9   11  264.52 152.55  1   1   1   0    
116  1   9   12  288.68 152.55  1   1   1   0    
117  1   9   13  312.84 152.55  1   1   1   0    
118  1   10  1   22.92  167.89  1   1   1   0    
119  1   10  2   47.08  167.89  1   1   1   0    
120  1   10  3   71.24  167.89  1   1   1   0    
121  1   10  4   95.4   167.89  1   1   1   0    
122  1   10  5   119.56 167.89  1   1   1   0    
123  1   10  6   143.72 167.89  1   1   1   0    
124  1   10  7   167.88 167.89  1   1   1   0    
125  1   10  8   192.04 167.89  1   1   1   0    
126  1   10  9   216.2  167.89  1   1   1   0    
127  1   10  10  240.36 167.89  1   1   1   0    
128  1   10  11  264.52 167.89  1   1   1   0    
129  1   10  12  288.68 167.89  1   1   1   0    
130  1   10  13  312.84 167.89  1   1   1   0    
131  1   11  1   22.92  183.23  1   1   1   0    
132  1   11  2   47.08  183.23  1   1   1   0    
133  1   11  3   71.24  183.23  1   1   1   0    
134  1   11  4   95.4   183.23  1   1   1   0    
135  1   11  5   119.56 183.23  1   1   1   0    
136  1   11  6   143.72 183.23  1   1   1   0    
137  1   11  7   167.88 183.23  1   1   1   0    
138  1   11  8   192.04 183.23  1   1   1   0    
139  1   11  9   216.2  183.23  1   1   1   0    
140  1   11  10  240.36 183.23  1   1   1   0    
141  1   11  11  264.52 183.23  1   1   1   0    
142  1   11  12  288.68 183.23  1   1   1   0    
143  1   11  13  312.84 183.23  1   1   1   0    
144  1   12  1   22.92  198.57  1   1   1   0    
145  1   12  2   47.08  198.57  1   1   1   0    
146  1   12  3   71.24  198.57  1   1   1   0    
147  1   12  4   95.4   198.57  1   1   1   0    
148  1   12  5   119.56 198.57  1   1   1   0    
149  1   12  6   143.72 198.57  1   1   1   0    
150  1   12  7   167.88 198.57  1   1   1   0    
151  1   12  8   192.04 198.57  1   1   1   0    
152  1   12  9   216.2  198.57  1   1   1   0    
153  1   12  10  240.36 198.57  1   1   1   0    
154  1   12  11  264.52 198.57  1   1   1   0    
155  1   12  12  288.68 198.57  1   1   1   0    
156  1   12  13  312.84 198.57  1   1   1   0    
157  1   13  1   22.92  213.91  1   1   1   0    
158  1   13  2   47.08  213.91  1   1   1   0    
159  1   13  3   71.24  213.91  1   1   1   0    
160  1   13  4   95.4   213.91  1   1   1   0    
161  1   13  5   119.56 213.91  1   1   1   0    
162  1   13  6   143.72 213.91  1   1   1   0    
163  1   13  7   167.88 213.91  1   1   1   0    
164  1   13  8   192.04 213.91  1   1   1   0    
165  1   13  9   216.2  213.91  1   1   1   0    
166  1   13  10  240.36 213.91  1   1   1   0    
167  1   13  11  264.52 213.91  1   1   1   0    
168  1   13  12  288.68 213.91  1   1   1   0    
169  1   13  13  312.84 213.91  1   1   1   0    
170  1   14  1   22.92  229.25  1   1   1   0    
171  1   14  2   47.08  229.25  1   1   1   0    
172  1   14  3   71.24  229.25  1   1   1   0    
173  1   14  4   95.4   229.25  1   1   1   0    
174  1   14  5   119.56 229.25  1   1   1   0    
175  1   14  6   143.72 229.25  1   1   1   0    
176  1   14  7   167.88 229.25  1   1   1   0    
177  1   14  8   192.04 229.25  1   1   1   0    
178  1   14  9   216.2  229.25  1   1   1   0    
179  1   14  10  240.36 229.25  1   1   1   0    
180  1   14  11  264.52 229.25  1   1   1   0    
181  1   14  12  288.68 229.25  1   1   1   0    
182  1   14  13  312.84 229.25  1   1   1   0    
183  1   15  1   22.92  244.59  1   1   1   0    
184  1   15  2   47.08  244.59  1   1   1   0    
185  1   15  3   71.24  244.59  1   1   1   0    
186  1   15  4   95.4   244.59  1   1   1   0    
187  1   15  5   119.56 244.59  1   1   1   0    
188  1   15  6   143.72 244.59  1   1   1   0    
189  1   15  7   167.88 244.59  1   1   1   0    
190  1   15  8   192.04 244.59  1   1   1   0    
191  1   15  9   216.2  244.59  1   1   1   0    
192  1   15  10  240.36 244.59  1   1   1   0    
193  1   15  11  264.52 244.59  1   1   1   0    
194  1   15  12  288.68 244.59  1   1   1   0    
195  1   15  13  312.84 244.59  1   1   1   0    
196  1   16  1   22.92  259.93  1   1   1   0    
197  1   16  2   47.08  259.93  1   1   1   0    
198  1   16  3   71.24  259.93  1   1   1   0    
199  1   16  4   95.4   259.93  1   1   1   0    
200  1   16  5   119.56 259.93  1   1   1   0    
201  1   16  6   143.72 259.93  1   1   1   0    
202  1   16  7   167.88 259.93  1   1   1   0    
203  1   16  8   192.04 259.93  1   1   1   0    
204  1   16  9   216.2  259.93  1   1   1   0    
205  1   16  10  240.36 259.93  1   1   1   0    
206  1   16  11  264.52 259.93  1   1   1   0    
207  1   16  12  288.68 259.93  1   1   1   0    
208  1   16  13  312.84 259.93  1   1   1   0    
209  1   17  1   22.92  275.27  1   1   1   0    
210  1   17  2   47.08  275.27  1   1   1   0    
211  1   17  3   71.24  275.27  1   1   1   0    
212  1   17  4   95.4   275.27  1   1   1   0    
213  1   17  5   119.56 275.27  1   1   1   0    
214  1   17  6   143.72 275.27  1   1   1   0    
215  1   17  7   167.88 275.27  1   1   1   0    
216  1   17  8   192.04 275.27  1   1   1   0    
217  1   17  9   216.2  275.27  1   1   1   0    
218  1   17  10  240.36 275.27  1   1   1   0    
219  1   17  11  264.52 275.27  1   1   1   0    
220  1   17  12  288.68 275.27  1   1   1   0    
221  1   17  13  312.84 275.27  1   1   1   0    