Number of robot passes: 42

Number of trays: 6

Tray 1
No  Cir Pos     X        Y     Angle 
1    1   1    86.9     0        0    
2    1   3    58.15    64.58    48   
3    1   5    -9.08    86.42    96   
4    1   7    -70.3    51.08    144  
5    1   9    -85      -18.07   192  
6    1   11   -43.45   -75.26   240  
7    1   13   26.85    -82.65   288  

Tray 2
No  Cir Pos     X        Y     Angle 
1    1   1    86.9     0        0    
2    1   3    58.15    64.58    48   
3    1   5    -9.08    86.42    96   
4    1   7    -70.3    51.08    144  
5    1   9    -85      -18.07   192  
6    1   11   -43.45   -75.26   240  
7    1   13   26.85    -82.65   288  

Tray 3
No  Cir Pos     X        Y     Angle 
1    1   1    86.9     0        0    
2    1   3    58.15    64.58    48   
3    1   5    -9.08    86.42    96   
4    1   7    -70.3    51.08    144  
5    1   9    -85      -18.07   192  
6    1   11   -43.45   -75.26   240  
7    1   13   26.85    -82.65   288  

Tray 4
No  Cir Pos     X        Y     Angle 
1    1   1    86.9     0        0    
2    1   3    58.15    64.58    48   
3    1   5    -9.08    86.42    96   
4    1   7    -70.3    51.08    144  
5    1   9    -85      -18.07   192  
6    1   11   -43.45   -75.26   240  
7    1   13   26.85    -82.65   288  

Tray 5
No  Cir Pos     X        Y     Angle 
1    1   1    86.9     0        0    
2    1   3    58.15    64.58    48   
3    1   5    -9.08    86.42    96   
4    1   7    -70.3    51.08    144  
5    1   9    -85      -18.07   192  
6    1   11   -43.45   -75.26   240  
7    1   13   26.85    -82.65   288  

Tray 6
No  Cir Pos     X        Y     Angle 
1    1   1    86.9     0        0    
2    1   3    58.15    64.58    48   
3    1   5    -9.08    86.42    96   
4    1   7    -70.3    51.08    144  
5    1   9    -85      -18.07   192  
6    1   11   -43.45   -75.26   240  
7    1   13   26.85    -82.65   288  